855,-614,248,329,-96,-13,52,54,82,18,123,-71,-44,-115,50,9,3372,1832,689
757,-655,191,260,-335,151,64,8,109,-34,-129,-59,-236,55,111,9,3372,1832,689
705,-694,160,250,-364,171,71,-37,122,-33,-128,-53,-246,54,109,9,3372,1832,689
666,-743,160,232,-396,188,73,-70,121,-22,-127,-52,-255,55,99,9,3372,1832,689
612,-812,166,207,-427,205,68,-78,109,-16,-120,-53,-256,64,92,9,3372,1832,689
612,-812,166,177,-457,223,68,-78,109,-10,-114,-52,-256,76,83,9,3372,1832,689
-148,-170,47,118,-515,261,-65,15,67,0,-99,-63,-242,119,80,9,3372,1832,689
-148,-158,37,83,-534,284,-44,21,61,9,-92,-66,-218,136,80,9,3372,1832,689
-148,-150,21,43,-548,303,-20,26,71,16,-88,-67,-193,157,85,9,3372,1832,689
-150,-148,5,-5,-558,316,-6,7,73,21,-84,-69,-161,170,92,9,3372,1832,689
-153,-149,-8,-65,-568,325,10,0,71,17,-75,-68,-125,184,103,9,3372,1832,689
-162,-153,-31,-236,-576,326,33,-20,57,13,-48,-72,-51,225,117,9,3372,1832,689
-170,-154,-38,-335,-571,322,47,-10,59,11,-30,-74,-12,222,120,9,3372,1832,689
-176,-153,-43,-432,-555,314,65,11,69,3,-11,-75,22,208,124,9,3372,1832,689
-179,-151,-47,-523,-525,298,79,27,76,-5,6,-73,46,182,128,9,3372,1832,689
-185,-147,-52,-602,-484,277,81,43,63,-12,24,-74,61,146,134,9,3372,1832,689
-188,-129,-70,-734,-389,230,82,-7,76,-12,46,-80,50,102,135,9,3372,1832,689
-191,-118,-81,-787,-333,197,78,1,70,-9,53,-83,38,91,125,9,3372,1832,689
-192,-109,-92,-834,-271,155,80,2,66,-5,55,-83,27,87,115,9,3372,1832,689
-192,-99,-101,-877,-206,108,84,14,71,-3,55,-84,16,84,101,9,3372,1832,689
-192,-91,-107,-912,-137,59,91,31,67,-5,56,-84,7,85,86,9,3372,1832,689
-195,-77,-111,-938,-69,15,101,57,79,-12,56,-78,5,81,72,9,3372,1832,689
-196,-69,-110,294,781,-305,99,56,68,-58,3,-67,121,57,93,9,3372,1832,689
-194,-59,-107,371,792,-301,90,47,64,-51,-28,-54,122,61,96,9,3372,1832,689
-194,-49,-103,447,807,-318,76,40,58,-47,-58,-35,123,67,100,9,3372,1832,689
-197,-41,-101,498,822,-335,65,40,57,-46,-82,-27,122,76,101,9,3372,1832,689
-197,-41,-101,530,841,-344,65,40,57,-39,-99,-36,117,83,97,9,3372,1832,689
-41,117,27,554,865,-344,-81,-13,85,-5,-114,-57,112,100,79,9,3372,1832,689
-32,113,24,554,865,-344,-77,-5,84,1,-117,-58,109,102,77,9,3372,1832,689
-26,108,19,554,865,-344,-77,3,83,-2,-118,-55,104,97,81,9,3372,1832,689
-24,102,13,554,865,-344,-76,13,83,-11,-116,-55,101,88,87,9,3372,1832,689
-24,96,6,554,865,-344,-73,22,80,-20,-114,-55,99,81,91,9,3372,1832,689
-39,83,-6,554,865,-344,-59,26,83,-45,-104,-59,98,78,92,9,3372,1832,689
-49,75,-15,554,865,-344,-52,21,84,-55,-97,-62,98,81,92,9,3372,1832,689
-61,66,-21,554,865,-344,-42,15,76,-60,-87,-63,96,82,93,9,3372,1832,689
-73,57,-25,564,885,-341,-33,12,70,-60,-72,-61,93,78,94,9,3372,1832,689
-100,34,-37,526,869,-327,-11,22,73,-52,-36,-60,88,64,89,9,3372,1832,689
-112,24,-47,526,869,-327,0,31,78,-45,-23,-58,87,60,93,9,3372,1832,689
-121,14,-55,-484,-197,107,11,38,82,-41,-12,-60,84,55,93,9,3372,1832,689
-130,5,-62,-481,-263,139,19,43,81,-38,-4,-66,83,55,93,9,3372,1832,689
-145,-12,-70,-416,-374,182,29,46,74,-39,13,-75,80,60,91,9,3372,1832,689
-148,-22,-70,-362,-405,177,33,46,76,-46,22,-79,76,60,91,9,3372,1832,689
-148,-33,-69,-307,-420,153,36,40,80,-54,29,-81,73,60,94,9,3372,1832,689
-145,-44,-67,-262,-432,123,38,24,80,-59,31,-84,70,60,91,9,3372,1832,689
-139,-54,-67,-225,-456,108,35,6,78,-61,33,-88,66,63,85,9,3372,1832,689
-130,-72,-71,-145,-549,152,35,-12,76,-43,40,-88,-91,28,132,9,3372,1832,689
-128,-79,-71,-80,-600,177,40,-2,75,-43,40,-88,-102,26,132,9,3372,1832,689
-124,-83,-68,-5,-634,174,41,18,73,-56,-110,-70,-116,25,131,9,3372,1832,689
-119,-87,-62,60,-641,148,41,42,74,-56,-150,-71,-138,21,133,9,3372,1832,689
-113,-90,-55,129,-585,82,41,62,76,-10,-213,-69,-176,0,130,9,3372,1832,689
71,-359,157,144,-556,63,-63,-59,79,20,-229,-62,-191,-14,123,9,3372,1832,689
59,-378,165,154,-546,59,-95,-76,83,61,-235,-53,-203,-29,112,9,3372,1832,689
46,-397,170,166,-543,65,-129,-86,88,107,-230,-52,-213,-43,102,9,3372,1832,689
36,-416,173,189,-541,71,-159,-94,96,129,-212,-48,-222,-61,95,9,3372,1832,689
34,-439,177,213,-532,70,-187,-100,104,133,-185,-52,-225,-82,88,9,3372,1832,689
67,-491,204,247,-492,65,-215,-98,104,90,-120,-56,-224,-119,69,9,3372,1832,689
101,-514,226,252,-464,57,-213,-104,108,72,-84,-58,-220,-138,64,9,3372,1832,689
149,-530,250,252,-436,52,-201,-121,104,58,-49,-66,-208,-158,65,9,3372,1832,689
208,-536,274,248,-410,52,-184,-94,98,57,-13,-80,-189,-176,69,9,3372,1832,689
272,-535,290,252,-399,58,-163,-89,106,60,14,-89,-163,-193,74,9,3372,1832,689
415,-503,309,394,-81,-122,-118,-77,99,49,50,-96,-99,-213,78,9,3382,1842,705
499,-477,319,380,-60,-118,-100,-63,97,38,52,-84,-77,-215,76,9,3382,1842,705
585,-440,328,364,-40,-112,-89,-52,94,40,49,-79,-58,-218,75,9,3382,1842,705
673,-395,331,347,-22,-106,-79,-47,89,46,43,-89,-46,-219,76,9,3382,1842,705
820,-259,320,312,7,-86,-44,-41,81,66,33,-98,-31,-214,81,9,3382,1842,705
885,-175,300,297,22,-77,-25,-37,80,76,30,-88,-23,-210,84,9,3382,1842,705
941,-85,274,278,26,-64,-6,-26,76,96,35,-98,-21,-204,89,9,3382,1842,705
980,13,242,264,31,-52,10,-13,74,79,45,-113,-18,-202,95,9,3382,1842,705
1008,106,198,251,38,-44,30,-2,72,48,54,-96,-18,-202,95,9,3382,1842,705
1010,260,137,222,45,-19,65,12,70,-11,80,-78,169,-9,140,9,3382,1842,705
992,338,123,210,52,-12,76,16,70,0,69,-71,177,13,137,9,3382,1842,705
980,397,99,196,60,-4,83,16,70,8,64,-71,190,27,130,9,3382,1842,705
953,466,79,175,62,10,83,12,72,9,59,-66,201,41,116,9,3382,1842,705
933,528,51,141,60,44,85,3,81,6,48,-62,215,69,83,9,3382,1842,705
-1349,38,-640,132,77,44,-110,-18,89,10,38,-67,214,74,70,9,3382,1842,705
-1339,51,-540,114,83,48,-133,-15,98,15,17,-70,203,74,62,9,3382,1842,705
-1302,71,-446,93,83,53,-151,-19,106,30,-12,-71,202,78,52,9,3382,1842,705
-1233,96,-361,71,84,57,-163,-33,109,40,-42,-74,211,86,43,9,3382,1842,705
-1137,128,-295,53,90,59,-159,-54,110,52,-72,-78,222,92,40,9,3382,1842,705
-919,208,-180,19,99,67,-119,-99,102,88,-110,-73,257,112,30,9,3382,1842,705
-804,251,-131,6,105,75,-91,-117,99,102,-114,-67,260,106,33,9,3382,1842,705
-687,303,-73,-8,105,88,-62,-129,99,105,-109,-63,250,99,32,9,3382,1842,705
-583,354,-14,-20,106,100,-33,-132,99,101,-95,-64,240,81,27,9,3382,1842,705
-502,392,32,-20,106,100,-4,-130,98,95,-79,-69,234,65,34,9,3382,1842,705
-368,467,80,212,-37,-72,39,-125,103,78,-57,-75,222,14,58,9,3382,1842,705
-303,502,81,215,-57,-74,51,-121,103,70,-52,-80,211,-6,68,9,3382,1842,705
-237,528,75,216,-81,-75,54,-115,102,64,-49,-79,199,-19,76,9,3382,1842,705
-174,540,64,217,-105,-75,49,-105,100,58,-46,-78,188,-25,79,9,3382,1842,705
-112,540,51,218,-126,-74,41,-89,97,51,-41,-77,173,-33,83,9,3382,1842,705
13,553,4,224,-154,-70,20,-53,91,49,-40,-75,156,-37,83,9,3382,1842,705
72,559,-17,224,-167,-65,9,-35,88,-12,155,-79,-79,-108,130,9,3382,1842,705
133,566,-35,221,-179,-53,0,-16,83,-16,161,-78,-89,-107,142,9,3382,1842,705
205,576,-50,217,-187,-43,-7,2,79,-12,163,-76,-100,-100,156,9,3382,1842,705
293,579,-55,214,-194,-32,-11,23,73,-8,159,-73,-117,-88,170,9,3382,1842,705
381,566,-51,210,-203,-24,-12,39,69,-5,145,-62,-130,-71,180,9,3382,1842,705
451,530,-39,203,-217,-13,-9,48,68,20,106,-86,-141,-29,180,9,3382,1842,705
85,-761,-24,199,-223,-2,-33,-26,81,21,82,-88,-142,-10,178,9,3382,1842,705
59,-721,-63,192,-225,13,-29,-28,75,25,58,-86,-140,1,176,9,3382,1842,705
35,-678,-84,185,-222,35,-28,-19,72,24,33,-87,-133,13,171,9,3382,1842,705
12,-639,-81,176,-215,59,-31,-25,75,25,11,-86,-125,25,165,9,3382,1842,705
-13,-606,-63,164,-202,74,-34,-25,72,27,-8,-80,-121,30,159,9,3382,1842,705
-63,-541,-12,152,-158,73,-53,-20,73,51,-30,-83,-126,28,151,9,3382,1842,705
-88,-507,3,148,-134,60,-71,-27,77,63,-38,-83,-134,15,149,9,3382,1842,705
-116,-471,12,144,-112,48,-89,-25,83,79,-48,-82,-140,-3,144,9,3382,1842,705
-141,-432,11,144,-112,48,-106,-29,85,87,-59,-82,-144,-26,134,9,3382,1842,705
-162,-389,5,219,-581,454,-116,-29,85,88,-67,-82,-149,-50,117,9,3382,1842,705
-191,-316,0,-22,-710,463,-115,-15,88,81,-86,-75,-167,-104,83,9,3382,1842,705
-202,-284,8,-158,-757,448,-106,10,78,75,-102,-75,-179,-130,64,9,3382,1842,705
-212,-256,15,-158,-757,448,-89,36,83,70,-118,-74,-199,-152,53,9,3382,1842,705
-220,-232,18,-158,-757,448,-64,65,85,66,-139,-71,-221,-166,46,9,3382,1842,705
-227,-206,16,-158,-757,448,-39,81,81,57,-157,-65,-241,-166,38,9,3382,1842,705
-231,-165,2,-158,-757,448,0,48,72,55,-161,-67,-253,-126,27,9,3382,1842,705
-231,-141,-4,-158,-757,448,12,21,68,63,-151,-67,-253,-126,27,9,3382,1842,705
-229,-119,-6,-158,-757,448,21,8,70,63,-151,-67,32,123,138,9,3382,1842,705
-224,-104,-8,-158,-757,448,26,9,70,-30,15,-90,39,107,153,9,3382,1842,705
-204,-86,-2,-158,-757,448,38,26,75,-36,2,-78,46,78,159,9,3382,1842,705
-190,-82,-5,-158,-757,448,41,24,78,-41,4,-82,46,62,164,9,3382,1842,705
-177,-78,-8,-158,-757,448,42,19,78,-44,8,-81,40,53,167,9,3382,1842,705
-152,-80,-10,-158,-757,448,50,11,72,-52,27,-71,29,43,166,9,3382,1842,705
-142,-81,-10,-340,579,-671,50,11,72,-40,35,-70,30,47,159,9,3382,1842,705
-142,-81,-10,-282,654,-634,7,5,84,-34,40,-62,32,52,146,9,3382,1842,705
-162,31,-92,-186,763,-592,2,-3,83,-43,49,-65,36,61,124,9,3382,1842,705
-128,36,-53,71,936,-518,-1,-32,85,-28,48,-33,51,79,71,9,3382,1842,705
-109,38,-43,191,962,-520,0,-45,90,-16,36,-27,56,83,48,9,3382,1842,705
-90,43,-36,295,974,-566,1,-54,89,-12,32,-49,58,82,34,9,3382,1842,705
-70,47,-30,373,1001,-620,-3,-64,89,-11,34,-75,56,77,28,9,3382,1842,705
-32,49,-7,471,1096,-572,-31,-77,90,10,24,-94,58,81,13,9,3382,1842,705
-14,50,5,496,1107,-481,-49,-75,85,7,15,-88,63,98,4,9,3382,1842,705
1,52,19,509,1073,-380,-70,-69,82,11,1,-79,72,111,5,9,3382,1842,705
12,52,27,500,1008,-278,-87,-58,83,19,-20,-74,74,121,12,9,3382,1842,705
21,55,29,471,941,-187,-96,-40,83,20,-44,-76,75,129,30,9,3382,1842,705
26,59,24,379,824,-52,-104,5,83,31,-88,-82,86,136,51,9,3382,1842,705
21,62,20,326,768,-6,-103,23,87,40,-108,-82,87,128,61,9,3382,1842,705
12,63,17,273,707,24,-95,42,87,39,-121,-78,84,117,75,9,3382,1842,705
1,65,17,226,656,30,-82,53,83,29,-124,-74,74,109,89,9,3382,1842,705
-9,64,20,180,622,23,-67,58,81,13,-117,-72,65,103,98,9,3382,1837,720
-42,65,23,60,565,19,-27,57,75,-2022,108,2651,11,83,76,9,3382,1837,720
-60,65,15,-11,544,17,-8,56,72,35,-9,-92,6,85,77,9,3382,1837,720
-78,64,4,-83,547,0,5,54,68,38,-5,-83,0,88,77,9,3382,1837,720
-95,63,-7,-151,543,-14,17,52,67,44,-3,-75,-6,89,79,9,3382,1837,720
-129,47,-36,-188,527,-31,39,50,68,43,10,-75,-22,82,92,9,3382,1837,720
-140,38,-54,6,-615,83,39,50,68,35,15,-74,-27,74,104,9,3382,1837,720
-140,38,-54,45,-648,75,-14,58,71,24,19,-75,-35,70,115,9,3382,1837,720
-135,-203,78,102,-692,88,-22,54,67,13,15,-72,-38,65,124,9,3382,1837,720
-121,-230,87,168,-728,94,-26,41,71,-3,7,-67,-38,59,129,9,3382,1837,720
-93,-284,85,286,-746,73,-29,28,75,-39,-4,-59,-50,52,133,9,3382,1837,720
-83,-309,80,309,-717,39,-38,28,77,-50,-7,-59,-61,49,129,9,3382,1837,720
-78,-335,77,308,-675,8,-45,25,72,-57,-4,-61,-71,41,121,9,3382,1837,720
-79,-362,82,307,-642,-14,-50,20,67,-53,0,-58,-80,30,111,9,3382,1837,720
-61,-432,101,335,-630,-28,-72,7,73,-32,5,-48,-98,0,102,9,3382,1837,720
-49,-483,114,379,-622,-19,-78,-4,81,-31,0,-47,-109,-22,107,9,3382,1837,720
-27,-542,133,422,-603,-19,-80,-15,85,-37,-15,-51,-117,-42,114,9,3382,1837,720
3,-603,156,456,-571,-25,-83,-22,88,-47,-32,-56,-121,-60,119,9,3382,1837,720
45,-658,184,483,-528,-39,-88,-24,92,-56,-51,-58,-124,-70,118,9,3382,1837,720
143,-726,256,482,-429,-73,-94,-15,91,-32,-81,-64,-121,-77,101,9,3382,1837,720
202,-731,296,480,-387,-66,-93,-17,88,-9,-87,-69,-118,-79,94,9,3382,1837,720
276,-720,341,488,-349,-48,-84,-19,81,9,-91,-71,-114,-83,92,9,3382,1837,720
366,-697,383,491,-312,-17,-73,-17,76,37,-97,-73,-114,-87,91,9,3382,1837,720
461,-658,422,508,-271,-5,-59,-9,76,62,-107,-77,-114,-87,91,9,3382,1837,720
662,-546,452,515,-164,6,-31,13,82,73,50,-93,-4,-112,141,9,3382,1837,720
749,-464,447,494,-114,12,-21,23,78,54,65,-98,3,-112,146,9,3382,1837,720
831,-370,439,483,-57,16,-12,25,76,38,77,-99,11,-109,150,9,3382,1837,720
911,-264,429,469,0,11,-9,20,76,13,85,-101,26,-105,151,9,3382,1837,720
1046,-55,374,445,43,11,-1,2,78,-15,101,-95,48,-93,150,9,3382,1837,720
1091,51,326,159,47,-10,-1,2,78,-22,112,-90,67,-89,151,9,3382,1837,720
1091,51,326,137,58,-8,19,-68,88,-27,124,-78,86,-87,151,9,3382,1837,720
-581,741,-367,112,66,1,0,-61,84,-29,136,-76,103,-89,149,9,3382,1837,720
-684,650,-371,88,74,16,-15,-51,83,-34,139,-67,115,-90,151,9,3382,1837,720
-848,453,-393,42,82,36,-26,-28,83,-32,136,-61,150,-81,131,9,3382,1837,720
-913,339,-417,25,84,42,-23,-17,80,-23,128,-60,162,-72,113,9,3382,1837,720
-978,230,-445,12,85,51,-19,-7,78,-11,113,-59,170,-70,101,9,3382,1837,720
-1047,127,-480,0,85,60,-18,1,76,2,96,-61,182,-59,88,9,3382,1837,720
-1160,-11,-574,-22,81,81,-19,6,78,22,63,-66,203,-31,59,9,3382,1837,720
-1182,-36,-597,-31,82,80,-17,1,78,26,50,-67,219,-5,43,9,3382,1837,720
-1186,-29,-567,-38,84,76,-14,-6,78,24,42,-70,223,11,31,9,3382,1837,720
-1178,-6,-519,-41,84,66,-9,-16,81,14,36,-71,223,18,21,9,3382,1837,720
-1155,20,-484,-41,83,56,-3,-23,82,-1,32,-68,224,24,13,9,3382,1837,720
-1040,107,-394,-31,76,43,1,-34,81,-16,38,-70,241,47,11,9,3382,1837,720
-937,166,-340,-20,70,41,5,-43,80,-17,41,-72,242,51,15,9,3382,1837,720
-826,231,-276,-6,64,43,13,-58,82,-14,36,-72,234,55,17,9,3382,1837,720
-737,295,-208,8,56,49,22,-79,85,-9,29,-73,220,59,17,9,3382,1837,720
-656,361,-156,24,49,57,27,-101,92,5,23,-76,220,59,17,9,3382,1837,720
-510,468,-76,57,36,67,17,-134,108,19,98,-74,-12,-70,81,9,3382,1837,720
-446,511,-62,73,32,64,4,-139,115,17,105,-73,-16,-66,82,9,3382,1837,720
-399,558,-53,89,30,61,-6,-135,117,20,113,-73,-23,-66,86,9,3382,1837,720
-360,601,-49,103,27,55,-12,-124,113,23,118,-74,-28,-65,87,9,3382,1837,720
-234,670,-33,115,26,44,1785,-348,-3455,34,118,-79,-33,-63,95,9,3382,1837,720
-234,670,-33,234,48,5,1785,-348,-3455,42,114,-81,-35,-65,99,9,3382,1837,720
617,-570,163,231,50,14,-4,38,87,48,105,-81,-40,-59,103,9,3382,1837,720
601,-611,161,228,48,20,-7,36,93,48,96,-77,-53,-60,105,9,3382,1837,720
569,-633,148,225,41,25,-8,27,91,45,91,-72,-64,-58,107,9,3382,1837,720
510,-638,94,229,12,30,-16,4,83,24,93,-57,-78,-48,107,9,3382,1837,720
485,-642,81,235,-11,41,-20,-7,80,17,95,-67,-77,-41,111,9,3382,1837,720
451,-659,87,241,-38,57,-25,-21,78,16,95,-100,-67,-35,113,9,3382,1837,720
404,-684,97,250,-69,76,-29,-36,72,16,85,-99,-58,-29,118,9,3382,1837,720
290,-726,83,267,-127,108,-32,-59,77,8,46,-90,-53,-26,128,9,3382,1837,720
234,-728,64,279,-149,115,-32,-66,80,7,20,-80,-61,-29,133,9,3382,1837,720
180,-716,43,297,-164,118,-36,-70,88,9,-1,-78,-71,-32,141,9,3382,1837,720
131,-692,24,326,-171,118,-45,-74,88,11,-20,-79,-86,-37,151,9,3382,1837,720
86,-668,11,361,-174,118,-57,-72,88,7,-40,-80,-106,-43,163,9,3382,1837,720
-6,-613,-7,434,-181,124,-76,-48,84,-5,-74,-80,-138,-52,182,9,3382,1837,720
-48,-574,-18,466,-192,136,-82,-37,88,-3,-92,-80,-146,-58,179,9,3382,1837,720
-89,-544,-32,494,-208,156,-89,-22,91,14,-115,-76,-150,-65,166,9,3382,1837,720
-124,-506,-49,520,-233,186,-95,-24,87,47,-143,-70,-150,-65,166,9,3382,1837,720
-153,-465,-65,537,-266,230,-95,-35,85,47,-143,-70,-88,27,147,9,3382,1837,720
-203,-395,-87,536,-354,329,-84,-51,88,-100,44,-65,-108,41,130,9,3382,1837,720
-233,-365,-98,513,-412,369,-73,-45,89,-99,33,-59,-112,53,125,9,3382,1837,720
-264,-335,-109,465,-480,398,-61,-25,86,-74,18,-66,-111,66,120,9,3382,1837,720
-289,-302,-112,392,-552,419,-47,-11,85,-51,3,-65,-104,82,117,9,3382,1837,720
-309,-272,-111,392,-552,419,-39,6,81,-29,-5,-62,-93,95,119,9,3431,1867,736
-118,-10,-64,-877,212,-424,51,-15,67,-18,-2,-64,-62,100,131,9,3431,1867,736
-121,-13,-69,-854,216,-469,47,-15,69,-13,3,-69,-46,92,139,9,3431,1867,736
-127,-17,-73,-829,223,-511,47,0,67,-21,10,-64,-35,86,147,9,3431,1867,736
-135,-19,-78,-803,248,-547,52,11,68,-37,23,-50,-27,81,154,9,3431,1867,736
-157,-16,-91,-724,365,-596,62,7,77,-68,63,-3,-2,87,143,9,3431,1867,736
-166,-8,-93,-667,436,-616,62,-4,80,-77,85,-1,15,94,127,9,3431,1867,736
-174,1,-93,-602,497,-634,53,-6,73,-73,114,-42,31,98,115,9,3431,1867,736
-178,18,-90,-523,561,-660,36,-4,63,-56,138,-89,43,113,102,9,3431,1867,736
-177,34,-84,-440,620,-693,17,0,64,-35,148,-111,51,127,88,9,3431,1867,736
-165,62,-57,-261,750,-761,-5,17,82,-23,162,-99,64,166,54,9,3431,1867,736
-155,74,-35,-176,821,-780,-10,23,92,-21,179,-107,74,182,37,9,3431,1867,736
-143,89,-12,-89,907,-776,-14,19,94,-27,172,-104,84,191,21,9,3431,1867,736
-128,101,12,25,994,-775,-13,13,90,-41,147,-101,96,197,8,9,3431,1867,736
-111,113,31,148,1069,-749,-18,0,78,-58,115,-99,105,198,0,9,3431,1867,736
-76,131,51,343,1157,-593,-37,-27,75,-80,85,-103,111,200,-6,9,3431,1867,736
-56,139,58,409,1170,-487,-53,-35,75,-119,2,-65,115,128,72,9,3431,1867,736
-39,144,63,453,1159,-383,-64,-36,82,-142,3,-56,98,118,74,9,3431,1867,736
-24,147,66,479,1131,-287,-70,-32,88,-155,6,-52,87,114,81,9,3431,1867,736
-14,148,66,480,1087,-203,-76,-26,87,-158,10,-50,73,107,86,9,3431,1867,736
-7,146,64,456,1036,-134,-87,-14,87,-151,18,-50,66,106,89,9,3431,1867,736
-1237,30,-3557,417,991,-84,-98,7,90,-117,29,-52,48,107,88,9,3431,1867,736
-1237,30,-3557,417,991,-84,35,59,77,-100,28,-55,41,110,85,9,3431,1867,736
-158,-110,-62,-392,-435,276,36,55,74,-85,24,-58,30,114,84,9,3431,1867,736
-148,-121,-49,-340,-492,282,34,55,70,-69,20,-67,20,118,81,9,3431,1867,736
-138,-128,-34,-282,-560,302,28,58,67,-56,17,-79,10,120,76,9,3431,1867,736
-126,-140,-21,-215,-618,335,23,63,65,-35,15,-87,-2,120,75,9,3431,1867,736
-100,-166,1,-49,-681,407,13,66,74,21,14,-96,-30,115,92,9,3431,1867,736
-92,-178,5,22,-683,406,10,62,82,55,15,-98,-40,110,103,9,3431,1867,736
-85,-184,5,87,-674,379,11,55,85,84,18,-96,-47,107,110,9,3431,1867,736
-80,-184,4,154,-684,337,17,48,85,102,24,-92,-50,106,114,9,3431,1867,736
-77,-189,3,216,-696,295,23,43,80,105,31,-86,-52,107,113,9,3431,1867,736
-79,-195,7,320,-720,257,26,21,69,75,57,-80,-63,107,113,9,3431,1867,736
-77,-199,12,372,-735,266,25,4,69,57,77,-74,-79,106,121,9,3431,1867,736
-74,-203,22,420,-738,298,22,-10,72,37,98,-65,-98,105,126,9,3431,1867,736
-70,-211,33,479,-728,311,17,-20,78,28,120,-60,-116,101,129,9,3431,1867,736
-66,-220,40,530,-698,298,11,-27,78,15,141,-60,-134,92,125,9,3431,1867,736
-54,-250,49,576,-613,220,-9,-23,84,6,145,-61,-152,83,119,9,3431,1867,736
-44,-266,48,571,-575,169,-14,-23,78,6,145,-61,-54,-78,91,9,3431,1867,736
-28,-279,48,567,-544,130,-14,-25,77,48,51,-88,-52,-71,93,9,3431,1867,736
-9,-288,54,569,-517,112,-15,-23,79,31,54,-94,-56,-65,95,9,3431,1867,736
8,-301,64,575,-494,107,-20,-18,78,11,55,-94,-64,-64,97,9,3431,1867,736
26,-316,79,576,-467,112,-28,-15,80,-6,53,-87,-69,-73,98,9,3431,1867,736
46,-331,96,578,-438,108,-38,-16,84,0,46,-82,-79,-93,105,9,3431,1867,736
869,432,-6,365,-103,-134,32,-8,73,14,41,-88,-84,-104,109,9,3431,1867,736
836,466,-38,367,-94,-125,33,-7,73,23,35,-88,-85,-113,111,9,3431,1867,736
808,480,-46,373,-86,-117,28,-2,72,30,31,-84,-83,-120,115,9,3431,1867,736
758,504,-15,380,-72,-114,19,4,75,41,32,-83,-71,-125,114,9,3431,1867,736
722,521,19,385,-54,-114,11,2,77,49,39,-91,-69,-126,114,9,3431,1867,736
680,558,75,377,0,-98,0,-39,84,42,47,-73,-52,-133,116,9,3431,1867,736
629,598,110,364,28,-86,6,-66,126,43,56,-87,-39,-133,112,9,3431,1867,736
594,633,125,343,56,-70,4,-91,199,39,63,-88,-32,-135,118,9,3431,1867,736
569,659,128,317,85,-51,-10,-118,175,43,73,-83,-20,-145,125,9,3431,1867,736
552,681,126,286,112,-26,-9,-122,88,62,89,-91,-8,-152,135,9,3431,1867,736
500,757,97,227,164,8,-21,-69,70,42,104,-67,8,-176,146,9,3431,1867,736
417,824,73,189,180,31,-15,-58,70,14,108,-68,23,-181,144,9,3431,1867,736
362,883,10,155,194,48,-3,-52,74,-13,112,-77,46,-167,136,9,3431,1867,736
283,947,-53,122,207,60,14,-44,78,-40,109,-77,68,-145,121,9,3431,1867,736
229,981,-124,89,219,75,34,-35,75,-53,100,-75,78,-122,112,9,3431,1867,736
15,1021,-304,19,218,115,65,-4,70,-47,90,-70,86,-94,101,9,3431,1867,736
-82,984,-422,-14,237,99,73,14,76,78,-95,-91,253,63,25,9,3431,1867,736
-218,928,-529,-52,223,101,76,39,81,76,-101,-81,248,68,48,9,3431,1867,736
-367,833,-601,-88,196,111,75,65,78,78,-98,-71,244,58,69,9,3431,1867,736
-511,718,-637,-112,176,109,72,80,73,72,-84,-74,236,37,87,9,3431,1867,736
-637,586,-663,-131,153,111,71,85,68,55,-68,-78,224,21,99,9,3431,1867,736
-760,462,-664,-135,142,104,67,77,68,21,-31,-81,187,0,116,9,3431,1867,736
-76,639,-28,176,40,-45,-8,-47,95,14,-16,-82,167,0,119,9,3431,1867,736
-5,668,-10,190,20,-65,-9,-39,91,12,-5,-81,148,0,118,9,3431,1867,736
62,693,11,204,2,-80,-10,-26,85,18,3,-79,138,0,113,9,3431,1867,736
133,703,29,218,-14,-86,-9,-10,79,28,13,-77,131,-3,104,9,3431,1867,736
199,690,40,228,-30,-90,-6,1,74,33,20,-76,127,-8,94,9,3431,1867,736
314,616,71,244,-55,-94,3,15,76,21,32,-74,111,-29,72,9,3431,1867,736
385,576,86,246,-71,-96,10,14,82,9,40,-75,101,-40,65,9,3431,1867,736
473,534,102,249,-84,-95,15,9,87,-2,47,-75,90,-46,56,9,3362,1827,751
549,494,134,253,-97,-91,18,10,85,-11,50,-74,77,-52,45,9,3362,1827,751
643,436,178,257,-111,-85,20,6,81,-15,52,-77,67,-56,39,9,3362,1827,751
759,258,273,264,-143,-78,22,15,75,-6,48,-80,52,-79,35,9,3362,1827,751
762,148,311,265,-157,-75,25,24,76,-3,43,-79,49,-90,41,9,3362,1827,751
727,53,345,263,-167,-69,32,34,77,4,40,-80,42,-105,51,9,3362,1827,751
701,-33,365,260,-173,-63,36,42,77,10,37,-79,24,-117,64,9,3362,1827,751
699,-115,377,255,-177,-49,45,42,78,16,36,-78,7,-123,77,9,3362,1827,751
792,-290,437,233,-176,-4,53,41,75,19,36,-75,-7,-118,89,9,3362,1827,751
869,-414,476,220,-168,21,51,40,69,146,-108,-77,-197,-184,65,9,3362,1827,751
901,-555,488,209,-155,43,43,35,70,147,-117,-82,-228,-178,50,9,3362,1827,751
858,-672,467,197,-140,56,31,29,74,135,-124,-74,-256,-156,33,9,3362,1827,751
778,-757,406,186,-120,64,20,21,78,119,-123,-70,-278,-120,23,9,3362,1827,751
671,-780,342,178,-94,62,11,10,88,102,-117,-66,-287,-74,22,9,3362,1827,751
579,-796,272,171,-66,56,0,-3,94,82,-94,-68,-247,12,49,9,3362,1827,751
-148,-88,-37,-404,-1372,381,-8,43,74,69,-81,-69,-212,50,72,9,3362,1827,751
-125,-75,-39,-520,-1371,284,7,27,71,53,-69,-71,-166,85,95,9,3362,1827,751
-106,-69,-40,-630,-1344,197,12,23,72,32,-54,-81,-116,110,121,9,3362,1827,751
-91,-65,-41,-736,-1306,130,17,13,70,10,-39,-73,-72,122,145,9,3362,1827,751
-82,-65,-45,-823,-1249,67,25,9,64,-15,-21,-68,-41,121,164,9,3362,1827,751
-74,-61,-61,-986,-1095,-27,32,19,62,-53,12,-72,-15,90,183,9,3362,1827,751
-70,-63,-70,-1060,-1006,-65,35,23,69,-59,20,-78,-20,70,177,9,3362,1827,751
-65,-64,-78,-1142,-895,-105,43,31,68,-68,28,-72,-25,44,166,9,3362,1827,751
-62,-64,-81,-1194,-769,-145,53,32,69,-73,41,-80,-38,21,152,9,3362,1827,751
-63,-63,-82,-1213,-622,-176,59,37,65,-72,47,-74,-59,9,129,9,3362,1827,751
-81,-50,-75,-1138,-386,-290,59,56,58,-72,57,-64,-103,11,80,9,3362,1827,751
-93,-44,-67,-1087,-323,-368,60,70,61,-64,64,-72,-117,20,57,9,3362,1827,751
-105,-44,-59,-1053,-276,-437,61,82,73,-51,66,-66,-133,36,44,9,3362,1827,751
-115,-43,-54,-1035,-214,-489,64,84,79,-38,60,-69,-149,55,37,9,3362,1827,751
-125,-44,-53,-1017,-147,-527,69,79,83,-18,50,-63,-153,76,41,9,3362,1827,751
-142,-40,-59,-961,-19,-566,76,33,82,0,37,-74,-144,96,41,9,3362,1827,751
-152,-31,-63,-928,37,-580,71,0,82,-33,-29,-83,-144,96,41,9,3362,1827,751
-156,-16,-62,-906,98,-601,60,-15,76,-36,-40,-83,107,214,57,9,3362,1827,751
-160,-9,-58,-881,178,-623,50,-20,70,-35,-53,-81,104,211,57,9,3362,1827,751
-162,-3,-53,-844,254,-643,44,-14,69,-24,-72,-79,100,211,54,9,3362,1827,751
-165,0,-50,-790,315,-658,43,-1,66,-12,-89,-81,101,209,61,9,3362,1827,751
-167,0,-46,-726,359,-668,48,7,65,0,-103,-67,113,195,72,9,3362,1827,751
-84,125,18,-726,359,-668,-73,16,74,4,-101,-66,126,192,73,9,3362,1827,751
-80,108,19,15,771,-122,-62,21,71,3,-95,-69,137,188,71,9,3362,1827,751
-77,90,23,-45,752,-151,-44,30,72,-7,-88,-70,143,183,75,9,3362,1827,751
-78,70,24,-115,728,-210,-18,37,77,-29,-78,-67,147,178,79,9,3362,1827,751
-83,48,16,-185,713,-273,9,45,81,-60,-66,-62,145,163,88,9,3362,1827,751
-100,6,-20,-185,713,-273,42,67,80,-128,-32,-58,136,134,107,9,3362,1827,751
-110,-16,-44,-258,722,-334,44,80,81,-151,-14,-61,129,122,115,9,3362,1827,751
-118,-38,-72,-342,694,-379,47,86,78,-163,0,-65,122,115,120,9,3362,1827,751
-122,-56,-101,-419,644,-380,50,86,75,-164,12,-65,116,107,122,9,3362,1827,751
-118,-80,-156,1865,-2626,-3119,58,87,76,-139,20,-58,100,109,103,9,3362,1827,751
-109,-87,-175,3357,2032,2617,61,89,75,-121,15,-57,92,116,100,9,3362,1827,751
-99,-93,-191,3805,20,-132,60,89,70,-105,6,-56,77,113,84,9,3362,1827,751
-85,-99,-201,1008,440,2149,56,88,68,-93,2,-55,71,97,87,9,3362,1827,751
-75,-110,-208,-508,1448,-2010,49,85,68,-86,-1,-56,65,84,88,9,3362,1827,751
-53,-134,-209,-2308,-1654,604,17,72,77,-76,-3,-64,59,67,84,9,3362,1827,751
-43,-143,-200,2185,3265,-976,4,62,78,-65,-2,-73,58,67,73,9,3362,1827,751
-37,-153,-184,-2529,-2602,-3311,-2,50,78,-65,-2,-73,52,68,60,9,3362,1827,751
-32,-160,-162,3152,3131,1656,-6,39,79,1,8,-63,52,68,60,9,3362,1827,751
-31,-162,-135,2390,-570,-571,-7,31,81,-13,4,-59,-115,-56,125,9,3362,1827,751
-44,-164,-82,1102,-2601,2514,2,31,79,-36,-14,-63,-110,-83,111,9,3362,1827,751
-53,-163,-62,1102,-2601,2514,7,36,76,-40,-37,-66,-103,-95,100,9,3362,1827,751
-62,-163,-47,818,-175,-3,7,36,76,-38,-61,-71,-98,-107,93,9,3362,1827,751
-62,-163,-47,810,-130,7,-118,10,84,-25,-85,-75,-95,-117,88,9,3362,1827,751
5,-466,310,778,-95,28,-106,31,81,-5,-100,-86,-95,-125,87,9,3362,1827,751
167,-500,498,709,-82,110,-71,54,72,31,-127,-81,-100,-135,71,9,3362,1827,751
255,-515,526,677,-83,146,-53,45,82,65,-127,-92,-102,-144,74,9,3362,1827,751
333,-512,496,631,-89,141,-43,25,56,85,-125,-72,-104,-147,80,9,3362,1827,751
392,-494,428,568,-93,120,-34,24,62,102,-105,-70,-104,-149,84,9,3362,1827,751
427,-466,360,517,-89,94,-25,8,76,99,-72,-117,-110,-151,86,9,3362,1827,751
490,-417,291,389,-80,5,-29,-45,77,20,-52,-63,-107,-156,95,9,3362,1827,751
541,-392,285,337,-84,-49,-40,-61,76,48,-41,-63,-110,-162,99,9,3362,1827,751
617,-356,278,308,-83,-98,-53,-72,78,60,-15,-118,-101,-171,101,9,3362,1827,751
699,-305,264,295,-83,-135,-65,-78,80,60,-20,-103,-88,-181,102,9,3362,1827,751
776,-241,239,287,-85,-162,-71,-81,79,6,-42,-60,-80,-179,99,9,3362,1827,751
892,-109,181,295,-78,-205,-67,-72,85,39,-31,-84,-49,-152,91,9,3362,1827,751
936,-31,166,305,-63,-223,-62,-61,85,81,-19,-104,-43,-134,91,9,3362,1827,751
974,45,156,310,-54,-222,-49,-56,83,113,-6,-99,-41,-120,92,9,3411,1852,767
1005,125,142,314,-53,-206,-33,-55,81,113,-6,-99,-43,-113,97,9,3411,1852,767
1027,203,119,321,-51,-181,-15,-54,80,15,52,-79,-43,-113,97,9,3411,1852,767
1020,367,65,335,-35,-146,15,-54,86,10,21,-88,199,-18,151,9,3411,1852,767
1010,438,31,335,-35,-146,29,-60,87,18,7,-89,191,-15,142,9,3411,1852,767
997,502,6,-52,148,-10,48,-71,88,31,-2,-87,181,-6,131,9,3411,1852,767
965,575,-4,-52,140,-10,48,-71,88,41,-8,-82,196,14,121,9,3411,1852,767
965,575,-4,-56,125,1,91,129,60,42,-12,-72,219,49,106,9,3411,1852,767
-1680,-208,-748,-63,94,-1,89,119,67,18,-9,-66,240,135,19,9,3411,1852,767
-1586,-187,-675,-67,95,-6,88,107,69,1,0,-63,249,166,-20,9,3411,1852,767
-1471,-136,-608,-72,78,0,81,91,69,-17,15,-64,251,181,-51,9,3411,1852,767
-1333,-70,-560,-72,72,20,67,67,67,-35,32,-64,246,184,-88,9,3411,1852,767
-1171,9,-519,-77,65,43,48,40,69,-47,46,-59,230,176,-128,9,3411,1852,767
-891,240,-399,-71,68,81,11,-22,89,-59,65,-65,213,162,-182,9,3411,1852,767
-728,343,-336,-70,65,86,-7,-52,94,-56,70,-63,216,150,-178,9,3411,1852,767
-575,425,-261,-64,67,89,-24,-79,98,-50,64,-61,217,130,-159,9,3411,1852,767
-449,497,-197,-57,67,88,-39,-102,99,-48,54,-64,216,104,-128,9,3411,1852,767
-346,557,-150,-46,70,88,-51,-117,101,-45,40,-63,209,79,-87,9,3411,1852,767
-246,611,-80,-14,82,91,-61,-126,104,-9,13,-73,184,40,-2,9,3411,1852,767
-229,626,-65,6,93,89,-57,-125,106,21,-3,-76,173,32,39,9,3411,1852,767
-204,651,-56,25,90,83,-51,-121,106,48,-19,-72,165,30,76,9,3411,1852,767
-168,676,-64,42,83,74,-42,-116,103,69,-35,-78,155,27,105,9,3411,1852,767
-111,702,-82,57,71,66,-36,-112,99,69,-35,-78,564,2007,-3940,9,3411,1852,767
47,730,-80,93,51,37,-24,-107,96,26,78,-76,-22,-133,127,9,3411,1852,767
137,727,-57,111,41,16,-25,-101,91,24,77,-78,-32,-132,128,9,3411,1852,767
231,697,-19,131,31,-7,-25,-94,89,26,72,-76,-37,-133,126,9,3411,1852,767
316,646,31,152,19,-31,-21,-86,88,32,64,-81,-47,-129,127,9,3411,1852,767
403,583,81,205,2,94,-19,-77,86,48,35,-76,-82,-126,141,9,3411,1852,767
402,-829,55,228,12,91,9,-18,73,50,21,-75,-105,-118,154,9,3411,1852,767
350,-847,21,249,22,91,13,-25,72,51,9,-72,-123,-108,167,9,3411,1852,767
298,-852,-11,280,33,95,8,-32,75,47,-1,-72,-144,-95,185,9,3411,1852,767
248,-842,-43,317,43,99,-4,-41,81,40,-9,-72,-161,-77,195,9,3411,1852,767
195,-825,-75,356,43,99,-19,-47,84,37,-14,-71,-172,-61,202,9,3411,1852,767
74,-764,-119,443,21,84,-48,-49,83,37,-32,-76,-181,-30,201,9,3411,1852,767
14,-729,-133,487,3,81,-59,-49,82,40,-45,-76,-178,-22,190,9,3411,1852,767
-42,-689,-138,531,-20,87,-64,-49,78,42,-57,-75,-170,-20,173,9,3411,1852,767
-89,-659,-140,570,-55,104,-66,-51,78,48,-67,-75,-165,-26,157,9,3411,1852,767
-135,-626,-139,606,-108,132,-66,-50,75,52,-78,-71,-160,-40,143,9,3411,1852,767
-195,-553,-134,641,-255,201,-74,-41,78,55,-80,-70,-162,-73,117,9,3411,1852,767
-215,-517,-128,628,-333,241,-77,-32,76,52,-79,-72,-164,-87,102,9,3411,1852,767
-236,-483,-115,597,-413,280,-79,-22,73,49,-78,-72,-169,-99,88,9,3411,1852,767
-254,-448,-101,548,-498,318,-80,-8,86,44,-76,-72,-175,-107,77,9,3411,1852,767
-271,-413,-87,479,-584,358,-78,16,87,51,-72,-78,-185,-111,68,9,3411,1852,767
-301,-335,-53,305,-751,424,-58,27,77,28,-72,-52,-205,-112,62,9,3411,1852,767
-310,-300,-47,189,-821,455,-49,25,76,-102,39,-6,-205,-112,62,9,3411,1852,767
-314,-263,-40,66,-877,476,-43,13,75,-110,32,40,-29,116,36,9,3411,1852,767
-313,-226,-23,-66,-913,475,-41,-2,72,-93,28,19,-5,124,57,9,3411,1852,767
-311,-196,-3,-199,-934,447,-43,-6,64,-86,32,-40,19,131,78,9,3411,1852,767
-309,-135,33,-1019,719,-306,-43,9,71,-54,37,-70,74,135,117,9,3411,1852,767
-306,-107,42,-957,805,-403,-38,29,75,-36,36,-70,97,136,128,9,3411,1852,767
-306,-107,42,-886,887,-538,-38,29,75,-33,40,-73,114,137,135,9,3411,1852,767
-181,12,-96,-772,984,-676,21,15,84,-28,40,-76,120,141,132,9,3411,1852,767
-181,21,-118,-495,1134,-887,-12,39,81,-15,23,-83,110,135,119,9,3411,1852,767
-179,29,-129,-357,1209,-951,-25,41,78,-9,11,-88,92,128,115,9,3411,1852,767
-172,41,-136,-161,1302,-1019,-32,36,78,-2,-2,-90,75,119,109,9,3411,1852,767
-162,51,-137,106,1398,-1136,-35,25,82,0,-13,-90,51,112,98,9,3411,1852,767
-150,62,-133,361,1470,-1211,-30,15,85,-2,-22,-87,35,112,77,9,3411,1852,767
-121,78,-114,743,1573,-1267,-12,5,84,-24,-30,-77,21,138,5,9,3411,1852,767
-106,85,-101,823,1557,-1205,-10,6,83,-40,-28,-74,28,151,-28,9,3411,1852,767
-92,90,-88,846,1509,-1074,-14,4,85,-47,-26,-75,35,169,-58,9,3411,1852,767
-79,91,-75,823,1440,-880,-24,0,86,-45,-26,-76,48,186,-72,9,3411,1852,767
-68,85,-61,-68,85,-61,-34,-3,85,-37,-27,-78,60,198,-75,9,3411,1852,767
-38,62,-27,665,1251,-430,-41,10,81,-15,-31,-77,93,215,-51,9,3411,1852,767
-26,52,-11,554,1146,-248,-35,18,84,-7,-33,-75,117,224,-32,9,3411,1852,767
-17,44,1,427,1039,-116,-26,25,84,-2,-32,-74,145,226,-14,9,3411,1852,767
-13,40,10,297,951,-47,-20,34,85,1101,-129,-3575,171,224,0,9,3411,1852,767
-13,37,15,175,900,-35,-18,44,84,1101,-129,-3575,185,230,14,9,3411,1852,767
-47,44,14,-38,831,-49,-16,61,78,55,-45,-72,-50,20,99,9,3411,1852,767
-63,36,1,-111,830,-77,-17,67,77,56,-46,-57,-66,14,111,9,3411,1852,767
-72,28,-3,-111,830,-77,-19,67,79,33,-39,-52,-84,8,124,9,3411,1852,767
-86,17,-4,-98,-879,405,-17,63,76,21,-29,-64,-91,-3,134,9,3411,1852,767
-97,2,-1,62,-867,299,-14,59,72,24,-9,-62,-93,-32,146,9,3411,1852,767
-88,-155,-31,116,-840,240,-1,6,67,34,0,-61,-82,-42,148,9,3411,1852,767
-78,-148,-29,171,-830,198,1,4,70,40,14,-70,-74,-47,141,9,3343,1818,782
-72,-149,-21,237,-837,175,2,4,75,38,20,-66,-71,-53,128,9,3343,1818,782
-65,-156,-12,306,-844,161,2,1,76,21,24,-63,-72,-54,113,9,3343,1818,782
-65,-176,-5,372,-840,145,0,-6,76,3,32,-68,-75,-51,94,9,3343,1818,782
-60,-214,2,484,-776,90,3,-21,75,-17,41,-80,-85,-54,68,9,3343,1818,782
-53,-229,8,502,-715,36,10,-20,67,-20,46,-81,-90,-60,64,9,3343,1818,782
-45,-239,27,496,-654,-2,11,-17,58,-23,50,-73,-94,-68,67,9,3343,1818,782
-43,-246,56,489,-602,-27,4,-15,61,-23,52,-68,-95,-78,75,9,3343,1818,782
-43,-256,95,474,-576,-47,-11,-11,77,-26,52,-68,-84,-86,81,9,3343,1818,782
-46,-288,165,481,-558,-31,-50,-19,94,-25,37,-71,-55,-87,94,9,3343,1818,782
-41,-311,189,497,-532,-10,-66,-31,90,-33,25,-73,-55,-83,98,9,3343,1818,782
-26,-336,212,505,-494,10,-79,-37,88,-35,13,-75,-65,-82,101,9,3343,1818,782
-3,-362,233,518,-441,22,-87,-33,88,-34,-1,-73,-81,-88,110,9,3343,1818,782
22,-388,255,516,-379,8,-88,-31,87,-29,-16,-71,-94,-99,125,9,3343,1818,782
84,-447,306,491,-277,-15,-70,-26,77,-17,-30,-65,-103,-109,142,9,3343,1818,782
125,-480,328,471,-241,-14,-57,-20,84,43,80,-85,19,-135,146,9,3343,1818,782
179,-506,342,457,-209,-11,-43,-26,83,32,84,-81,17,-134,146,9,3343,1818,782
240,-522,347,457,-209,-11,-33,-28,76,25,90,-79,27,-121,140,9,3343,1818,782
311,-524,348,192,-17,10,-29,-28,78,29,90,-77,37,-104,132,9,3343,1818,782
389,-512,350,189,-14,10,-28,-33,83,37,83,-77,46,-95,126,9,3343,1818,782
468,-489,356,184,-23,4,-29,-44,86,38,63,-80,61,-95,127,9,3343,1818,782
281,889,-393,182,-23,6,-2,-34,56,32,51,-85,62,-90,121,9,3343,1818,782
192,898,-386,181,-16,8,7,-26,62,22,40,-80,63,-89,114,9,3343,1818,782
101,901,-380,176,-9,10,13,-24,65,-4,28,-72,65,-80,109,9,3343,1818,782
23,876,-381,168,-3,14,20,-27,68,-21,23,-79,65,-76,107,9,3343,1818,782
-55,838,-392,158,2,18,19,-32,80,-28,23,-87,72,-66,107,9,3343,1818,782
-247,764,-429,147,26,8,18,-28,89,-25,24,-84,94,-45,114,9,3343,1818,782
-347,705,-476,142,39,-3,28,-34,82,-21,24,-78,106,-34,123,9,3343,1818,782
-480,642,-514,143,69,-10,44,-42,80,-17,29,-76,119,-19,130,9,3343,1818,782
-597,560,-547,123,69,-8,60,-43,81,-14,33,-75,122,-3,133,9,3343,1818,782
-717,490,-553,115,70,-8,72,-32,81,-10,34,-72,129,12,131,9,3343,1818,782
-982,396,-526,99,101,8,70,0,73,1,31,-67,132,24,131,9,3343,1818,782
-1093,330,-515,76,91,19,58,10,78,14,31,-76,132,26,125,9,3343,1818,782
-1198,253,-521,54,75,14,39,14,84,25,29,-78,135,36,113,9,3343,1818,782
-1282,192,-543,44,79,5,17,14,88,35,26,-73,141,43,101,9,3343,1818,782
-1333,151,-544,30,96,1,-5,9,90,42,22,-64,152,53,87,9,3343,1818,782
-1285,124,-436,6,100,2,-41,3,86,46,20,-65,167,62,78,9,3343,1818,782
-1198,125,-343,-8,105,0,-52,-4,85,16,21,-66,50,-23,91,9,3343,1818,782
-1093,137,-237,-8,105,0,-53,-17,87,24,32,-80,52,-19,95,9,3343,1818,782
-971,161,-134,170,-28,-7,-51,-36,88,30,41,-89,49,-14,93,9,3343,1818,782
-834,185,-54,163,-41,-12,-47,-60,89,22,41,-83,47,-17,93,9,3343,1818,782
-708,221,-2,157,-57,-17,-41,-81,90,15,45,-77,48,-22,91,9,3343,1818,782
-580,262,19,151,-84,-24,-41,-97,92,18,58,-76,47,-49,88,9,3343,1818,782
571,-147,87,149,-98,-23,43,38,79,21,60,-75,46,-61,83,9,3343,1818,782
573,-203,77,147,-111,-21,49,31,81,17,60,-71,38,-74,79,9,3343,1818,782
589,-265,76,145,-125,-18,52,25,82,18,63,-73,27,-83,79,9,3343,1818,782
599,-325,87,145,-139,-15,48,16,83,14,66,-72,11,-92,79,9,3343,1818,782
590,-390,96,148,-148,-14,41,9,83,16,68,-69,-7,-95,87,9,3343,1818,782
422,-550,117,148,-159,-15,23,-4,81,10,67,-69,-28,-84,111,9,3343,1818,782
306,-612,107,150,-162,-15,12,-10,82,9,67,-69,-31,-75,117,9,3343,1818,782
203,-647,88,154,-167,-12,1,-15,86,10,70,-69,-40,-62,124,9,3343,1818,782
116,-672,73,166,-170,-10,-6,-23,91,14,74,-73,-31,-49,125,9,3343,1818,782
52,-697,64,184,-172,-6,-15,-24,88,16,77,-73,-19,-37,128,9,3343,1818,782
-30,-731,74,238,-176,13,-21,-39,88,18,73,-74,-11,-39,144,9,3343,1818,782
-62,-736,93,264,-171,27,-26,-47,91,18,64,-75,-10,-40,150,9,3343,1818,782
-95,-723,113,283,-155,37,-34,-53,91,18,49,-81,-8,-42,157,9,3343,1818,782
-119,-692,129,293,-125,44,-42,-54,87,14,31,-79,-8,-48,166,9,3343,1818,782
-134,-656,136,298,-87,47,-50,-50,81,23,13,-79,-6,-51,171,9,3343,1818,782
-152,-550,140,301,-1,50,-58,-23,76,29,-6,-73,-7,-54,167,9,3343,1818,782
-150,-478,132,301,-1,50,-61,0,78,-46,0,-81,-88,12,142,9,3343,1818,782
-139,-399,122,-727,-905,105,-65,16,79,-44,-1,-76,-86,13,140,9,3343,1818,782
-124,-324,111,-811,-852,-6,-65,35,83,-18,-5,-75,-87,14,139,9,3343,1818,782
-105,-259,102,-871,-793,-123,-65,41,93,-12,-6,-72,-90,21,132,9,3343,1818,782
-86,-204,94,-913,-721,-233,-70,37,76,0,-7,-78,-86,24,129,9,3343,1818,782
-66,-159,85,-965,-550,-430,-77,46,75,-14,2,-89,-67,30,112,9,3343,1818,782
-125,-144,-35,-973,-462,-508,13,9,71,-14,12,-90,-56,28,107,9,3343,1818,782
-148,-143,-27,-977,-365,-559,6,2,71,-23,22,-87,-52,21,109,9,3343,1818,782
-167,-138,-16,-972,-275,-604,5,2,67,-6,31,-85,-53,13,119,9,3343,1818,782
-180,-134,-8,-950,-201,-644,7,6,72,0,39,-73,-50,5,128,9,3343,1818,782
-197,-135,-4,-924,-126,-678,9,9,80,9,44,-66,-43,0,135,9,3343,1818,782
-217,-122,3,-849,26,-759,23,0,87,8,45,-77,-30,0,132,9,3343,1818,782
-225,-112,1,-810,109,-798,32,-1,91,-6,47,-76,-29,4,132,9,3343,1818,782
-233,-96,0,-767,187,-824,43,-4,91,-16,48,-70,-33,13,129,9,3343,1818,782
-233,-76,0,-714,259,-824,54,-3,88,-15,48,-72,-40,28,123,9,3343,1818,782
-225,-59,0,-662,318,-799,65,-1,83,-19,46,-66,-41,44,113,9,3391,1842,798
-188,-37,25,-571,406,-722,72,3,86,-5,35,-48,-23,78,88,9,3391,1842,798
-167,-34,45,-537,463,-685,70,6,92,2,31,-50,-11,98,79,9,3391,1842,798
-148,-25,64,-487,545,-655,62,4,92,10,22,-54,-2,119,73,9,3391,1842,798
-123,-11,74,-417,622,-633,53,-4,92,17,8,-45,1,144,69,9,3391,1842,798
-101,5,76,-327,702,-600,39,-13,88,25,0,-51,4,165,66,9,3391,1842,798
-68,51,69,-235,777,-552,6,-17,89,25,-1,-67,8,179,61,9,3391,1842,798
-58,68,67,-197,513,-386,-16,-18,84,-75,-14,-60,33,161,73,9,3391,1842,798
-52,79,64,-260,468,-372,-37,-16,79,-67,-6,-62,37,148,85,9,3391,1842,798
-50,87,59,-319,458,-306,-64,-21,76,-60,1,-62,41,127,98,9,3391,1842,798
-53,88,50,-343,467,-281,-92,-28,81,-55,10,-66,51,119,105,9,3391,1842,798
-57,87,38,-354,514,-240,-119,-33,81,-47,14,-67,51,112,108,9,3391,1842,798
-64,86,26,-371,430,-216,-135,-27,85,-31,17,-77,37,113,111,9,3391,1842,798
-173,-100,-46,-383,356,-248,-10,68,75,-26,12,-79,29,110,111,9,3391,1842,798
-154,-116,-62,-424,316,-280,-16,58,75,-24,9,-80,26,104,104,9,3391,1842,798
-133,-135,-77,-497,263,-250,-16,48,78,-17,5,-81,20,98,96,9,3391,1842,798
-114,-150,-90,-565,216,-168,-9,40,78,-14,-1,-77,13,92,84,9,3391,1842,798
-93,-158,-102,-594,158,-87,1,35,80,-5,-10,-73,3,85,67,9,3391,1842,798
-47,-161,-127,-544,59,19,12,34,78,4,-15,-75,-19,70,35,9,3391,1842,798
-23,-162,-141,-513,12,34,16,38,80,5,-12,-79,-35,55,39,9,3391,1842,798
0,-161,-153,-494,-31,25,17,40,77,3,-9,-81,-52,40,46,9,3391,1842,798
22,-162,-160,-485,-82,5,19,38,78,0,-5,-83,-62,24,57,9,3391,1842,798
40,-161,-156,-492,-141,-3,19,38,80,2,0,-86,-65,9,66,9,3391,1842,798
57,-153,-107,-514,-289,31,8,35,76,19,4,-90,-62,-5,85,9,3391,1842,798
51,-146,-72,-502,-353,83,-2,32,74,26,4,-91,-60,-5,96,9,3391,1842,798
39,-139,-41,-470,-401,130,-15,25,75,25,6,-87,-54,-8,108,9,3391,1842,798
22,-135,-14,-422,-443,160,-26,13,79,25,9,-82,-46,-9,119,9,3391,1842,798
3,-137,9,-361,-498,175,-29,1,81,17,9,-73,-48,-6,130,9,3391,1842,798
-29,-153,63,-297,-565,186,-28,-13,79,17,14,-74,-46,-4,138,9,3391,1842,798
-44,-162,106,307,-107,-53,-22,-2,79,15,-84,-52,-67,-219,66,9,3391,1842,798
-62,-175,181,277,-145,-51,-11,13,76,-19,-87,-35,-35,-200,79,9,3391,1842,798
-89,-195,272,263,-173,-53,0,28,76,32,-73,-65,-9,-177,92,9,3391,1842,798
-142,-216,337,252,-194,-57,4,40,85,60,-65,-72,12,-160,108,9,3391,1842,798
-216,-243,356,241,-214,-57,-2,40,94,71,-54,-62,24,-142,126,9,3391,1842,798
-282,-277,342,221,-244,-57,-16,29,99,46,-24,-73,28,-122,143,9,3391,1842,798
505,227,60,217,-250,-55,-28,-66,86,38,-10,-83,25,-117,147,9,3391,1842,798
527,245,45,217,-245,-54,-20,-70,88,34,0,-84,21,-114,141,9,3391,1842,798
548,278,19,217,-232,-51,-15,-67,87,26,4,-76,22,-111,138,9,3391,1842,798
555,314,0,220,-213,-46,-8,-63,85,24,12,-79,27,-114,139,9,3391,1842,798
542,361,-28,218,-187,-44,0,-59,88,25,23,-84,28,-119,130,9,3391,1842,798
541,394,-74,199,-146,-35,23,-55,90,48,51,-93,31,-127,123,9,3391,1842,798
522,421,-71,188,-123,-31,35,-55,85,49,64,-93,40,-126,116,9,3391,1842,798
492,467,-83,172,-106,-30,49,-52,82,45,70,-84,48,-124,106,9,3391,1842,798
492,488,-92,167,-80,-41,53,-44,82,50,80,-90,47,-131,103,9,3391,1842,798
441,532,-97,163,-61,-45,52,-48,89,38,91,-103,59,-131,98,9,3391,1842,798
372,596,-134,155,-50,-45,50,-60,145,43,99,-81,78,-107,95,9,3391,1842,798
334,623,-144,151,-56,-43,40,-76,202,67,104,-87,83,-101,98,9,3391,1842,798
254,665,-143,152,-55,-39,17,-105,171,56,92,-77,85,-88,101,9,3391,1842,798
218,681,-147,156,-53,-37,34,-125,79,22,74,-70,89,-73,99,9,3391,1842,798
176,695,-125,159,-50,-38,36,-115,74,4,66,-78,90,-53,97,9,3391,1842,798
86,733,-64,164,-43,-44,27,-103,89,4,59,-90,96,-40,98,9,3391,1842,798
8,758,-65,-16,113,0,33,-97,78,9,59,-74,96,-40,98,9,3391,1842,798
-69,754,-81,-6,99,13,41,-83,69,3,75,-70,157,30,29,9,3391,1842,798
-92,699,-91,4,82,24,48,-69,67,0,81,-70,147,18,42,9,3391,1842,798
-131,641,-86,16,63,32,49,-47,74,5,82,-73,135,10,53,9,3391,1842,798
-188,598,-100,30,43,35,46,-25,80,14,79,-75,123,4,63,9,3391,1842,798
-349,504,-271,56,8,37,34,4,88,31,50,-76,104,10,71,9,3391,1842,798
-349,504,-271,70,-1,32,34,4,88,39,35,-79,95,11,72,9,3391,1842,798
-43,487,-1,84,-8,24,14,-73,95,43,24,-78,90,9,73,9,3391,1842,798
0,515,-8,99,-10,16,6,-56,93,47,13,-81,85,-1,76,9,3391,1842,798
91,519,33,125,-8,0,-2,-26,83,44,3,-83,64,-33,88,9,3391,1842,798
150,490,52,132,-5,-6,-3,-16,82,43,3,-80,54,-39,91,9,3391,1842,798
221,445,49,135,-4,-11,-5,-6,84,42,5,-80,45,-39,92,9,3391,1842,798
288,403,39,133,-6,-18,-10,6,84,40,5,-79,39,-34,89,9,3391,1842,798
332,382,33,127,-8,-24,-14,18,81,42,10,-82,35,-29,87,9,3391,1842,798
404,362,26,116,-18,-28,-18,32,71,34,10,-78,42,-22,82,9,3391,1842,798
439,343,26,109,-25,-27,-19,32,69,32,10,-80,41,-28,87,9,3391,1842,798
452,309,34,103,-31,-24,-15,29,73,29,9,-81,40,-36,89,9,3391,1842,798
459,266,46,98,-35,-22,-12,27,78,28,12,-81,40,-39,88,9,3391,1842,798
464,221,48,96,-41,-22,-10,20,82,24,16,-79,42,-43,85,9,3391,1842,798
485,152,41,104,-54,-23,-5,-1,84,23,31,-78,41,-50,78,9,3391,1842,798
499,135,41,110,-63,-20,-7,-8,85,27,37,-79,36,-60,77,9,3391,1842,798
536,111,44,118,-70,-16,-5,-13,83,27,37,-79,30,-69,76,9,3391,1842,798
571,81,57,124,-77,-11,-5,-15,77,46,-14,-74,25,-77,80,9,3323,1808,813
607,36,72,124,-77,-11,-3,-19,79,35,-18,-71,17,-87,86,9,3323,1808,813
633,-87,108,405,60,169,2,-22,91,33,-36,-75,-112,-71,132,9,3323,1808,813
619,-151,127,429,33,191,4,-18,96,28,-47,-72,-114,-69,125,9,3323,1808,813
597,-208,142,444,-5,212,5,-17,94,21,-59,-73,-118,-68,118,9,3323,1808,813
581,-260,152,450,-51,234,6,-15,91,31,-70,-80,-124,-67,115,9,3323,1808,813
573,-326,162,436,-167,277,7,-12,86,41,-103,-66,-140,-52,114,9,3323,1808,813
-104,-157,2,417,-229,299,-15,46,76,45,-114,-70,-146,-42,113,9,3323,1808,813
-90,-136,6,389,-290,329,-3,40,74,46,-122,-74,-146,-26,112,9,3323,1808,813
-74,-114,8,358,-346,364,2,28,70,47,-126,-73,-145,-9,111,9,3323,1808,813
-61,-97,8,319,-397,396,6,20,67,44,-127,-72,-144,11,107,9,3323,1808,813
-48,-83,13,267,-443,426,8,16,63,41,-124,-71,-140,28,110,9,3323,1808,813
-31,-68,18,121,-542,449,6,31,70,19,-97,-75,-133,56,117,9,3323,1808,813
-29,-63,15,27,-584,442,3,31,68,8,-80,-75,-128,64,117,9,3323,1808,813
-31,-59,10,-72,-621,428,0,29,74,-1,-60,-77,-122,67,117,9,3323,1808,813
-37,-56,2,-150,-651,414,0,24,73,-12,-43,-76,-119,71,113,9,3323,1808,813
-46,-54,-5,-234,-667,396,0,18,70,-11,-31,-72,-116,72,109,9,3323,1808,813
-62,-53,-13,-398,-699,342,-2,15,70,-22,-7,-72,-106,64,111,9,3323,1808,813
-72,-59,-16,-481,-714,302,-3,26,66,-27,7,-84,-98,60,116,9,3323,1808,813
-83,-65,-20,-551,-731,249,-1,42,63,-33,17,-79,-91,59,116,9,3323,1808,813
-93,-66,-22,-616,-740,191,3,55,69,-35,27,-76,-78,57,115,9,3323,1808,813
-102,-69,-23,-683,-735,131,10,66,79,-32,36,-82,-62,54,113,9,3323,1808,813
-120,-67,-22,-779,-699,29,12,52,87,-46,27,-63,-43,56,112,9,3323,1808,813
-124,-63,-23,-779,-699,29,6,27,85,-43,16,-60,-36,56,118,9,3323,1808,813
-126,-59,-20,-82,758,-403,3,12,75,-42,9,-62,-36,56,118,9,3323,1808,813
-124,-56,-10,-7,785,-401,3,8,70,-39,4,-74,58,177,1,9,3323,1808,813
-122,-48,8,118,842,-446,10,19,73,-38,-7,-74,57,207,-25,9,3323,1808,813
-124,-41,14,174,870,-480,18,22,78,-40,-16,-70,60,219,-32,9,3323,1808,813
-127,-30,18,244,910,-515,30,18,79,-27,-28,-69,65,232,-33,9,3323,1808,813
-127,-30,18,326,953,-543,30,18,79,-17,-40,-68,77,235,-20,9,3323,1808,813
47,107,-61,402,987,-540,-13,22,86,-14,-46,-70,95,224,-2,9,3323,1808,813
47,101,-53,526,1009,-453,-15,39,85,-13,-53,-72,127,208,33,9,3323,1808,813
33,87,-45,555,986,-378,-23,48,85,-12,-52,-77,134,205,52,9,3323,1808,813
15,67,-35,550,944,-289,-28,53,82,-10,-50,-80,136,196,71,9,3323,1808,813
-5,47,-25,-5,47,-25,-32,50,80,-14,-49,-80,130,195,78,9,3323,1808,813
-28,30,-15,-28,30,-15,-36,47,78,-14,-49,-75,121,193,87,9,3323,1808,813
-70,10,-7,-70,10,-7,-28,32,72,-34,-46,-60,102,173,100,9,3323,1808,813
-88,7,-7,-88,7,-7,-20,25,74,-51,-43,-54,94,168,98,9,3323,1808,813
-106,9,-9,-106,9,-9,-12,21,76,-74,-36,-52,87,158,97,9,3323,1808,813
-126,10,-14,510,892,-200,-3,18,73,-95,-29,-52,81,149,96,9,3323,1808,813
-160,20,-31,-588,46,-55,9,23,72,-133,-12,-51,70,124,102,9,3323,1808,813
-172,20,-41,-594,-45,-8,13,27,73,-141,-8,-53,65,106,108,9,3323,1808,813
-178,16,-48,-587,-115,31,16,29,78,-140,-7,-54,62,93,114,9,3323,1808,813
-181,10,-51,-565,-175,54,20,30,77,-134,-8,-56,60,86,117,9,3323,1808,813
-180,3,-52,-535,-226,66,24,31,74,-122,-12,-55,62,79,110,9,3323,1808,813
-172,-12,-60,-468,-315,76,35,42,79,-6,35,-74,52,88,100,9,3323,1808,813
-161,-19,-68,-434,-371,83,40,48,81,-5,37,-67,52,88,100,9,3323,1808,813
-149,-27,-74,-390,-433,102,45,49,81,0,37,-68,-118,-12,127,9,3323,1808,813
-135,-32,-77,-338,-484,124,48,49,80,-1,37,-66,-127,-14,122,9,3323,1808,813
-109,-45,-73,-243,-528,172,47,39,79,-18,43,-65,-131,-22,111,9,3323,1808,813
-99,-49,-69,-192,-538,191,41,33,76,-23,45,-70,-129,-28,112,9,3323,1808,813
-862,-3178,-2774,-136,-559,210,41,33,76,-17,48,-65,-120,-35,116,9,3323,1808,813
-862,-3178,-2774,-78,-587,232,0,19,79,-12,50,-63,-106,-44,122,9,3323,1808,813
-162,-168,41,-15,-622,262,0,16,72,-12,53,-61,-88,-51,127,9,3323,1808,813
-164,-235,76,143,-675,303,-11,6,76,-13,47,-65,-58,-67,133,9,3323,1808,813
-160,-270,92,229,-676,284,-26,3,84,-16,43,-62,-50,-76,134,9,3323,1808,813
-152,-298,106,306,-656,244,-40,-5,85,-17,34,-62,-51,-82,134,9,3323,1808,813
-141,-325,125,362,-617,198,-54,-14,83,-14,20,-70,-53,-93,130,9,3323,1808,813
-128,-351,148,405,-575,157,-65,-24,83,-21,3,-80,-57,-104,127,9,3323,1808,813
-79,-407,193,469,-504,110,-82,-38,85,-9,-24,-81,-76,-126,101,9,3323,1808,813
-29,-438,210,496,-484,103,-85,-41,88,5,-33,-87,-84,-140,85,9,3323,1808,813
31,-465,226,496,-484,103,-83,-36,90,-2,-50,-69,-90,-154,72,9,3323,1808,813
102,-484,242,196,-70,-10,-80,-27,86,15,-66,-67,-90,-170,62,9,3323,1808,813
175,-490,259,186,-61,-16,-80,-15,83,35,-77,-86,-85,-184,51,9,3323,1808,813
308,-463,294,151,-65,-4,-75,2,85,52,-102,-71,-63,-194,38,9,3323,1808,813
369,-427,308,139,-65,2,-63,3,84,52,-102,-71,-48,-191,41,9,3323,1808,813
427,-378,316,136,-63,9,-47,1,81,29,44,-78,-33,-183,49,9,3323,1808,813
482,-321,314,130,-61,17,-28,7,80,48,40,-80,-33,-183,49,9,3323,1808,813
538,-260,306,123,-62,20,-10,13,83,71,42,-85,97,-92,100,9,3323,1808,813
633,-117,272,126,-63,27,24,30,79,71,55,-87,106,-89,95,9,3323,1808,813
672,-51,240,129,-58,27,41,32,75,49,57,-83,112,-88,95,9,3323,1808,813
696,22,212,131,-51,24,64,17,106,30,58,-82,120,-84,99,9,3323,1808,813
999,-1418,491,130,-46,22,64,17,106,16,60,-84,119,-79,104,9,3323,1808,813
999,-1418,491,132,-39,17,25,-63,95,6,62,-85,108,-77,117,9,3323,1808,813
139,564,-55,140,-23,15,27,-58,97,-14,63,-83,102,-47,136,9,3401,1847,829
95,578,-66,142,-16,13,22,-52,100,-12,67,-85,95,-39,144,9,3401,1847,829
-2,602,-97,144,-11,15,17,-42,97,-14,69,-82,91,-22,155,9,3401,1847,829
-78,594,-134,145,-8,23,14,-37,91,-16,69,-75,88,-6,161,9,3401,1847,829
-168,565,-154,149,0,32,10,-36,88,-11,68,-75,80,1,166,9,3401,1847,829
-363,463,-197,148,10,47,9,-36,89,5,69,-78,67,0,172,9,3401,1847,829
-474,392,-248,150,20,52,11,-44,92,11,62,-76,62,-8,168,9,3401,1847,829
-584,314,-317,151,30,52,15,-47,94,19,51,-73,64,0,156,9,3401,1847,829
-709,240,-382,151,30,52,16,-47,95,24,41,-74,77,23,138,9,3401,1847,829
-833,173,-441,11,-66,60,11,-37,97,31,33,-78,92,56,114,9,3401,1847,829
-1037,64,-547,42,-60,71,-11,-11,94,53,8,-81,109,77,70,9,3401,1847,829
-1100,37,-566,54,-53,71,-23,4,91,62,1,-82,116,81,47,9,3401,1847,829
-1126,42,-522,64,-46,68,-31,16,87,62,1,-82,122,87,25,9,3401,1847,829
-1121,58,-446,70,-39,63,-36,24,81,58,-11,-82,127,90,8,9,3401,1847,829
-1085,76,-360,75,-30,57,-38,26,78,54,-3,-84,127,90,8,9,3401,1847,829
-944,141,-212,82,-19,42,-35,15,80,48,6,-83,35,-25,106,9,3401,1847,829
-853,178,-183,90,-19,37,-34,4,81,45,10,-81,32,-27,101,9,3401,1847,829
-758,204,-162,101,-19,29,-29,-14,81,41,14,-79,30,-31,96,9,3401,1847,829
-656,226,-141,112,-18,19,-23,-39,82,35,17,-76,30,-38,94,9,3401,1847,829
1985,2320,-1800,124,-15,11,-23,-39,82,29,22,-73,25,-49,95,9,3401,1847,829
685,94,202,142,-12,-1,-46,42,71,30,39,-75,0,-67,93,9,3401,1847,829
721,7,232,148,-10,-6,-37,38,70,27,46,-81,-8,-74,95,9,3401,1847,829
723,-77,244,151,-9,-9,-24,32,71,22,52,-80,-16,-81,96,9,3401,1847,829
706,-164,245,151,-8,-10,-11,28,77,15,59,-75,-24,-84,99,9,3401,1847,829
642,-305,236,145,-13,-12,4,15,79,14,67,-74,-38,-81,115,9,3401,1847,829
600,-380,231,139,-20,-13,9,7,81,18,72,-81,-39,-72,121,9,3401,1847,829
549,-453,226,134,-28,-11,13,2,82,21,73,-79,-40,-58,122,9,3401,1847,829
483,-512,216,130,-36,-7,15,-3,78,23,73,-80,-43,-43,123,9,3401,1847,829
413,-560,197,129,-42,-1,19,-8,83,25,72,-78,-40,-35,126,9,3401,1847,829
264,-617,153,128,-46,7,26,-14,81,24,75,-65,-28,-39,133,9,3401,1847,829
193,-625,131,447,-158,94,27,-16,85,21,79,-64,-20,-45,135,9,3401,1847,829
142,-637,108,452,-175,129,24,-18,83,22,85,-67,-11,-54,130,9,3401,1847,829
96,-656,83,444,-210,170,22,-21,83,30,81,-70,-3,-61,122,9,3401,1847,829
59,-664,50,426,-255,212,19,-26,88,41,73,-73,1,-69,115,9,3401,1847,829
-2,-678,-4,372,-330,292,7,-27,90,50,58,-79,-1,-91,108,9,3401,1847,829
-28,-671,-21,342,-362,332,6,-30,94,7,-78,-74,-3,-94,99,9,3401,1847,829
-58,-656,-35,304,-396,376,5,-32,95,8,-72,-75,-3,-94,99,9,3401,1847,829
-89,-624,-51,253,-438,417,-1,-29,92,6,-62,-79,-119,48,98,9,3401,1847,829
-128,-551,-67,95,-539,476,-19,-29,83,13,-44,-74,-91,28,115,9,3401,1847,829
-142,-513,-58,-5,-586,490,-30,-25,83,14,-31,-77,-80,20,123,9,3401,1847,829
-147,-485,-39,-116,-628,496,-43,-21,84,11,-22,-81,-67,14,129,9,3401,1847,829
-158,-457,-20,-223,-669,489,-57,-15,80,7,-12,-80,-59,10,133,9,3401,1847,829
-162,-428,-8,-333,-704,471,-57,-15,80,2,-6,-78,-53,9,137,9,3401,1847,829
-95,-120,-39,-556,-719,414,31,35,75,-10,-2,-75,-48,8,135,9,3401,1847,829
-111,-110,-45,-654,-706,376,31,44,76,-20,-3,-75,-53,3,132,9,3401,1847,829
-128,-105,-52,-744,-688,325,31,52,76,-27,-4,-74,-62,4,127,9,3401,1847,829
-140,-100,-55,-822,-675,260,29,51,81,-43,3,-77,-72,5,121,9,3401,1847,829
-160,-80,-51,-962,-626,118,31,23,83,-28,-1,-72,-83,18,102,9,3401,1847,829
-169,-65,-45,-1020,-588,47,34,5,84,-28,3,-68,-84,24,94,9,3401,1847,829
-179,-48,-36,-1071,-530,-26,34,-10,79,-23,9,-73,-82,33,85,9,3401,1847,829
-189,-31,-27,-1109,-455,-100,27,-26,76,-11,11,-69,-77,46,78,9,3401,1847,829
-197,-15,-16,-1129,-371,-168,16,-31,76,-4,8,-58,-71,61,73,9,3401,1847,829
-202,14,3,-1135,-286,-224,2,-41,83,-3,3,-61,-55,95,67,9,3401,1847,829
-203,25,12,432,1047,-505,-8,-45,84,-8,1,-62,-39,108,68,9,3401,1847,829
-202,38,19,479,1052,-469,-14,-42,84,-17,2,-74,-22,121,68,9,3401,1847,829
-200,49,24,516,1043,-402,-16,-28,81,-14,0,-70,-6,135,68,9,3401,1847,829
-196,57,30,529,1010,-316,-14,-9,82,-10,-2,-57,11,144,69,9,3401,1847,829
-182,71,46,467,880,-149,-8,23,83,-124,-22,-59,38,159,70,9,3401,1847,829
-176,79,51,408,813,-96,-7,40,83,-124,-23,-57,47,170,68,9,3401,1847,829
-165,89,50,341,753,-74,-4,54,82,-120,-27,-55,47,170,68,9,3401,1847,829
-149,98,42,268,700,-79,-4,59,81,-111,-32,-58,66,115,121,9,3401,1847,829
-113,103,17,121,642,-137,-13,55,83,-81,-38,-61,51,100,119,9,3401,1847,829
-94,98,4,34,632,-149,-19,50,82,-65,-41,-67,44,95,116,9,3401,1847,829
-77,91,-9,-43,641,-145,-23,45,81,-48,-43,-73,36,94,113,9,3401,1847,829
-61,84,-24,-131,635,-118,-23,45,81,-33,-43,-77,31,91,112,9,3401,1847,829
-50,75,-36,-197,623,-100,16,52,75,-21,-40,-80,28,90,106,9,3401,1847,829
-86,-54,-81,-294,655,-97,7,62,80,-14,-33,-82,18,84,97,9,3401,1847,829
-91,-54,-96,-328,623,-80,2,57,81,-14,-29,-81,10,81,93,9,3401,1847,829
-94,-59,-113,-345,576,-99,0,50,81,-10,-26,-78,0,79,90,9,3401,1847,829
-93,-67,-123,-375,516,-145,-1,46,81,-1,-24,-77,-13,77,89,9,3401,1847,829
-75,-68,-116,-473,441,-176,-1,41,79,24,-19,-74,-37,69,95,9,3401,1847,829
-62,-66,-96,-527,418,-149,-8,40,77,35,-19,-74,-46,64,98,9,3401,1847,829
-48,-63,-68,-570,400,-113,-17,35,71,39,-15,-74,-53,58,103,9,3401,1847,829
-37,-57,-40,-603,359,-74,-26,29,68,31,-6,-72,-58,50,109,9,3401,1847,829
-30,-53,-13,-625,298,-41,-36,22,66,18,1,-70,-66,44,114,9,3401,1847,829
-15,-58,29,-631,234,-7,-46,10,74,-8,18,-66,-78,33,117,9,3304,1793,844
-4,-62,44,584,-585,88,-46,14,79,-16,24,-67,-82,29,112,9,3304,1793,844
6,-65,56,621,-539,79,-44,21,81,-19,26,-68,-83,25,106,9,3304,1793,844
15,-67,65,646,-484,56,-37,28,77,-16,27,-72,-88,24,100,9,3304,1793,844
22,-76,79,655,-425,28,-30,32,77,-13,28,-71,-95,24,92,9,3304,1793,844
39,-97,121,624,-307,-21,-10,28,73,62,-93,-69,-123,25,87,9,3304,1793,844
43,-115,138,597,-260,-36,0,25,73,73,-91,-73,-123,25,87,9,3304,1793,844
41,-137,146,572,-221,-44,12,22,75,96,-82,-100,68,-202,65,9,3304,1793,844
35,-158,140,556,-190,-44,25,15,79,78,-80,-89,78,-196,69,9,3304,1793,844
21,-195,111,531,-133,-30,37,8,80,67,-64,-78,94,-174,84,9,3304,1793,844
8,-217,102,518,-100,-22,39,5,78,85,-50,-89,97,-160,95,9,3304,1793,844
-12,-242,95,502,-65,-18,41,2,78,87,-40,-82,93,-145,107,9,3304,1793,844
-36,-269,82,482,-33,-19,41,2,78,78,-28,-81,82,-130,115,9,3304,1793,844
-36,-269,82,459,-4,-20,-26,-70,82,64,-14,-78,63,-118,120,9,3304,1793,844
896,451,129,410,31,-13,-23,-55,80,44,17,-71,16,-106,125,9,3304,1793,844
864,532,82,386,40,0,-19,-49,80,37,28,-72,-1,-104,124,9,3304,1793,844
813,612,36,363,46,16,-15,-45,79,23,33,-77,-13,-102,122,9,3304,1793,844
763,678,-3,343,52,26,-12,-39,84,8,31,-77,-27,-105,124,9,3304,1793,844
707,731,-33,323,56,29,-10,-31,85,-3,27,-82,-28,-100,117,9,3304,1793,844
578,818,-89,284,52,21,7,-37,81,2,21,-87,-21,-98,116,9,3304,1793,844
511,847,-119,267,44,16,14,-48,80,-2,16,-83,-15,-98,113,9,3304,1793,844
466,875,-157,251,32,12,25,-60,83,0,11,-77,-8,-97,106,9,3304,1793,844
438,881,-188,240,19,10,32,-70,83,3,11,-81,2,-99,109,9,3304,1793,844
363,893,-194,240,19,10,35,-78,83,10,12,-78,11,-108,115,9,3304,1793,844
250,886,-217,98,50,-1,31,-85,96,18,26,-93,31,-114,111,9,3304,1793,844
184,874,-204,92,53,-2,27,-90,93,18,26,-93,45,-122,115,9,3304,1793,844
111,857,-190,84,52,-16,27,-96,98,19,1,-70,51,-121,113,9,3304,1793,844
74,831,-176,75,52,-29,29,-98,97,25,-6,-72,51,-121,113,9,3304,1793,844
25,806,-153,67,46,-39,30,-96,96,30,-15,-74,105,137,26,9,3304,1793,844
-146,770,-142,48,40,-51,23,-88,119,45,-24,-76,127,102,44,9,3304,1793,844
-204,727,-177,41,41,-46,13,-78,130,49,-22,-79,133,86,54,9,3304,1793,844
-264,677,-229,37,50,-34,6,-66,123,46,-21,-75,131,75,63,9,3304,1793,844
-301,617,-293,29,58,-20,0,-49,100,44,-18,-73,127,70,71,9,3304,1793,844
-360,562,-358,19,64,-13,0,-49,100,38,-12,-74,119,70,75,9,3304,1793,844
-191,463,-80,11,56,17,-19,-94,96,31,-1,-74,102,54,89,9,3304,1793,844
-149,481,-81,10,66,32,-19,-79,96,32,2,-77,92,43,99,9,3304,1793,844
-108,522,-75,4,68,37,-16,-67,94,37,7,-78,82,39,107,9,3304,1793,844
-59,570,-56,1,50,42,-11,-58,93,40,10,-82,72,38,113,9,3304,1793,844
83,577,43,11,32,66,-6,-42,88,46,12,-85,50,42,114,9,3304,1793,844
149,525,118,14,34,79,-7,-35,91,45,12,-83,45,47,111,9,3304,1793,844
209,450,181,19,42,73,-11,-27,92,42,16,-82,45,42,110,9,3304,1793,844
265,380,214,23,44,60,-15,-19,92,41,22,-81,48,31,110,9,3304,1793,844
310,331,223,29,40,41,-19,-12,90,44,31,-83,52,16,109,9,3304,1793,844
388,282,224,33,28,27,-22,-4,86,46,47,-80,61,1,105,9,3304,1793,844
428,274,233,146,-27,83,-22,0,82,41,53,-77,58,-5,100,9,3304,1793,844
471,267,247,148,-26,87,-23,3,78,33,54,-79,54,-7,95,9,3304,1793,844
507,243,260,152,-25,89,-21,6,79,27,52,-79,53,-8,91,9,3304,1793,844
519,207,271,159,-26,90,-21,13,81,22,49,-75,48,-16,90,9,3304,1793,844
497,119,283,186,-21,82,-21,18,85,55,2,-73,52,-20,84,9,3304,1793,844
472,76,295,205,-14,71,-20,20,86,68,-6,-75,52,-20,84,9,3304,1793,844
465,31,318,223,-11,60,-19,22,79,76,-16,-75,-59,-67,133,9,3304,1793,844
488,-31,348,242,-12,50,-16,25,75,85,-24,-81,-50,-65,134,9,3304,1793,844
568,-203,398,277,-23,28,-18,32,77,88,-38,-79,-24,-65,127,9,3304,1793,844
591,-302,389,291,-31,17,-20,30,76,88,-37,-83,-15,-70,122,9,3304,1793,844
589,-383,358,305,-41,8,-22,25,75,93,-37,-88,-11,-77,118,9,3304,1793,844
569,-443,312,315,-51,4,-22,25,75,102,-39,-86,-11,-85,114,9,3304,1793,844
-2543,-3976,286,325,-59,4,4,47,83,110,-44,-82,-15,-94,112,9,3304,1793,844
-215,-187,71,335,-69,18,-12,47,69,87,-46,-76,-48,-114,109,9,3304,1793,844
-222,-146,76,336,-69,25,-18,43,72,75,-44,-72,-72,-121,104,9,3304,1793,844
-224,-107,79,336,-64,31,-26,31,75,60,-41,-74,-103,-121,96,9,3304,1793,844
-225,-74,82,331,-59,37,-30,18,78,41,-40,-71,-136,-114,84,9,3304,1793,844
-217,-29,90,351,-54,88,-46,-5,73,0,-50,-72,-184,-78,73,9,3304,1793,844
-208,-19,94,363,-57,122,-63,-9,71,-17,-54,-71,-195,-53,72,9,3304,1793,844
-198,-14,93,369,-68,170,-75,0,69,-35,-53,-67,-193,-28,73,9,3304,1793,844
-188,-9,86,374,-87,217,-87,-17,61,-45,-52,-67,-180,-9,78,9,3304,1793,844
-174,-4,78,372,-128,264,-86,-19,82,-42,-48,-73,-165,8,85,9,3304,1793,844
-153,0,51,355,-186,313,-79,-3,71,-34,-47,-70,-132,27,97,9,3304,1793,844
-139,0,38,-964,-70,-154,-72,0,81,-31,-42,-75,-119,29,106,9,3304,1793,844
-125,-5,31,-947,-13,-177,-65,4,81,-30,-36,-68,-108,32,108,9,3304,1793,844
-117,-14,29,-919,39,-206,-60,7,71,-23,-29,-71,-97,34,110,9,3304,1793,844
-111,-18,28,-895,89,-231,-51,12,64,-23,-29,-71,-88,36,108,9,3304,1793,844
-96,-21,19,-852,219,-286,-39,24,66,-23,-3,-51,734,-3085,-2226,9,3304,1793,844
-88,-24,10,-818,287,-312,-33,32,67,-41,6,-59,734,-3085,-2226,9,3304,1793,844
-80,-25,0,-772,342,-338,-24,28,74,-47,12,-63,0,86,104,9,3304,1793,844
-77,-33,-10,-714,392,-361,-15,22,69,-53,15,-63,1,103,89,9,3304,1793,844
-75,-41,-13,-597,451,-417,3,20,71,-48,14,-74,9,136,56,9,3401,1847,860
-81,-39,-12,-538,492,-462,14,30,64,-45,10,-79,14,153,43,9,3401,1847,860
-88,-34,-16,-490,532,-507,23,39,67,-41,7,-81,23,166,37,9,3401,1847,860
-97,-28,-21,-441,571,-539,23,39,67,-38,4,-86,33,173,39,9,3401,1847,860
-97,-28,-21,-399,607,-563,-21,-5,84,-30,0,-84,43,179,39,9,3401,1847,860
6,113,5,-276,716,-591,-27,15,90,-10,-5,-87,51,197,41,9,3401,1847,860
7,127,12,-196,752,-597,-26,17,86,-4,-4,-87,51,199,41,9,3401,1847,860
5,139,20,-116,793,-602,-26,15,82,-15,0,-88,49,204,42,9,3401,1847,860
-3,150,27,-42,834,-599,-31,15,79,-6,1,-85,44,213,38,9,3401,1847,860
-15,160,34,23,874,-581,-33,19,76,-5,0,-71,40,225,27,9,3401,1847,860
-42,170,41,151,948,-552,-29,22,78,-16,5,-77,38,225,26,9,3401,1847,860
-58,166,44,225,987,-544,-25,21,79,-17,4,-67,38,211,36,9,3401,1847,860
-74,157,46,292,1019,-538,-18,23,82,-17,4,-64,43,199,47,9,3401,1847,860
-91,140,48,351,1035,-532,-13,24,78,-21,1,-62,44,191,52,9,3401,1847,860
-110,120,47,351,1035,-532,-5,27,76,-30,0,-60,50,193,53,9,3401,1847,860
-150,79,32,-608,290,-125,10,34,70,-43,-2,-58,67,181,71,9,3401,1847,860
-163,60,17,-624,229,-85,13,38,67,57,-1,-79,74,175,84,9,3401,1847,860
-172,43,1,-637,174,-51,17,40,70,49,4,-78,74,175,84,9,3401,1847,860
-174,30,-15,-646,102,-16,19,43,74,40,9,-83,-48,42,104,9,3401,1847,860
-171,21,-32,-651,21,28,21,46,79,30,13,-84,-53,35,107,9,3401,1847,860
-150,0,-65,-627,-113,139,27,46,77,21,20,-83,-57,22,107,9,3401,1847,860
-137,-12,-77,-590,-178,189,31,46,75,14,23,-77,-64,16,106,9,3401,1847,860
-122,-21,-86,-537,-237,229,35,46,74,6,29,-71,-68,9,106,9,3401,1847,860
-106,-31,-93,-474,-303,261,40,42,73,0,33,-64,-66,-1,105,9,3401,1847,860
-88,-36,-97,-355,-429,308,42,37,72,-17,29,-66,-68,-16,108,9,3401,1847,860
-188,-107,45,-292,-484,330,42,37,72,-21,25,-65,-73,-21,102,9,3401,1847,860
-202,-131,48,-218,-528,344,-18,31,74,-27,19,-57,-70,-26,94,9,3401,1847,860
-216,-155,47,-138,-555,343,-20,42,72,-35,18,-55,-67,-33,90,9,3401,1847,860
-229,-177,44,-61,-565,328,-36,45,73,-40,19,-61,-69,-40,86,9,3401,1847,860
-239,-199,45,2,-560,297,-54,37,73,-41,26,-70,-73,-48,88,9,3401,1847,860
-254,-254,47,99,-576,233,-92,-4,72,-32,31,-77,-63,-64,95,9,3401,1847,860
-257,-286,55,135,-596,239,-101,-32,79,-31,31,-72,-54,-72,104,9,3401,1847,860
-255,-320,65,187,-620,261,-107,-52,83,-22,23,-64,-45,-80,118,9,3401,1847,860
-244,-353,74,251,-637,273,-107,-56,81,-15,10,-60,-37,-83,125,9,3401,1847,860
-227,-379,80,322,-635,266,-102,-45,83,-16,0,-63,-33,-81,124,9,3401,1847,860
-183,-425,94,377,-615,233,-83,-10,82,-22,-10,-76,-26,-85,130,9,3401,1847,860
-148,-448,108,265,-19,31,-73,6,79,-25,-15,-86,-29,-87,132,9,3401,1847,860
-98,-475,125,250,-3,30,-61,14,80,-14,-18,-86,-38,-89,127,9,3401,1847,860
-37,-496,141,232,5,28,-46,15,85,-15,-23,-80,-45,-92,119,9,3401,1847,860
33,-509,153,215,8,30,-38,18,85,-15,-23,-80,-52,-97,109,9,3401,1847,860
176,-509,169,195,17,40,-27,12,85,27,19,-82,-336,-1102,3302,9,3401,1847,860
245,-502,176,178,13,50,-20,-5,91,35,21,-78,62,-107,115,9,3401,1847,860
318,-490,185,169,14,59,-15,8,78,38,23,-79,64,-109,114,9,3401,1847,860
392,-471,190,156,17,63,-9,11,82,40,24,-82,65,-103,113,9,3401,1847,860
538,-413,187,145,17,54,12,2,75,54,29,-85,66,-96,104,9,3401,1847,860
607,-371,183,148,20,50,20,0,76,59,33,-86,70,-91,99,9,3401,1847,860
665,-318,179,139,17,45,31,-5,79,64,39,-87,68,-90,103,9,3401,1847,860
665,-318,179,134,9,37,36,-6,82,66,39,-75,65,-93,105,9,3401,1847,860
228,852,-270,125,1,33,36,-6,82,75,44,-84,61,-86,104,9,3401,1847,860
153,835,-300,127,-17,31,-25,-60,93,36,37,-86,58,-84,113,9,3401,1847,860
125,808,-301,125,-25,32,-14,-58,93,14,31,-82,57,-77,114,9,3401,1847,860
104,775,-292,133,-28,23,-2,-59,98,13,32,-91,63,-74,120,9,3401,1847,860
59,760,-269,133,-41,23,10,-63,99,18,35,-99,67,-61,128,9,3401,1847,860
3,752,-272,136,-53,18,23,-66,99,9,31,-84,73,-53,130,9,3401,1847,860
-72,678,-356,157,-50,15,42,-70,97,25,39,-92,76,-43,144,9,3401,1847,860
-159,620,-423,159,-53,8,49,-68,96,28,40,-88,74,-31,147,9,3401,1847,860
-267,558,-486,161,-58,11,53,-62,94,22,40,-81,70,-19,152,9,3401,1847,860
-406,493,-525,167,-52,15,53,-54,91,22,39,-79,69,2,155,9,3401,1847,860
-562,423,-546,167,-52,15,51,-48,88,30,38,-80,71,12,158,9,3401,1847,860
-931,217,-560,-25,-4,55,33,-40,88,33,38,-81,75,29,161,9,3401,1847,860
-1112,116,-594,-13,0,51,23,-35,88,61,-30,-82,-1000,-3611,1948,9,3401,1847,860
-1262,22,-640,0,-3,52,12,-27,85,63,-28,-82,-1000,-3611,1948,9,3401,1847,860
-1366,-46,-658,16,0,51,4,-17,82,61,-23,-81,60,-16,84,9,3401,1847,860
-1417,-82,-625,32,10,47,-2,-4,78,58,-13,-83,45,-18,88,9,3401,1847,860
-1347,-88,-442,50,8,34,-12,18,79,43,8,-80,23,-9,92,9,3401,1847,860
-1251,-66,-361,56,6,21,-14,21,77,34,20,-77,22,-3,93,9,3401,1847,860
-1129,-36,-293,60,7,12,-14,16,77,30,34,-77,26,0,99,9,3401,1847,860
-980,8,-239,67,14,0,-10,3,79,25,45,-78,30,0,102,9,3401,1847,860
-838,72,-174,78,11,-16,-5,-14,82,22,67,-81,39,-8,104,9,3401,1847,860
616,218,207,82,6,-19,-25,31,73,21,76,-76,43,-10,100,9,3401,1847,860
706,118,239,89,2,-16,-13,29,68,22,83,-74,45,-15,97,9,3401,1847,860
782,0,267,98,0,-10,-2,24,70,20,86,-72,41,-22,94,9,3401,1847,860
829,-134,287,108,0,-4,3,21,77,23,86,-71,40,-32,94,9,3401,1847,860
835,-265,293,119,-2,4,7,17,80,26,84,-74,43,-41,99,9,3401,1847,860
762,-485,261,145,-6,19,13,5,87,38,74,-80,41,-70,114,9,3313,1798,876
712,-561,229,159,-5,16,14,-3,84,43,67,-78,38,-80,120,9,3313,1798,876
644,-606,200,176,-4,16,15,-15,83,44,64,-77,37,-82,129,9,3313,1798,876
570,-638,170,195,-2,26,17,-26,82,43,61,-77,29,-84,133,9,3313,1798,876
485,-660,141,212,1,40,17,-31,83,43,53,-77,25,-82,138,9,3313,1798,876
322,-667,94,227,4,52,16,-43,83,44,37,-78,29,-67,146,9,3313,1798,876
233,-644,80,227,4,52,14,-45,83,44,29,-78,39,-58,149,9,3313,1798,876
164,-630,73,507,-216,174,11,-46,83,47,21,-78,54,-53,154,9,3313,1798,876
112,-637,72,500,-272,206,5,-43,86,47,21,-78,65,-53,156,9,3313,1798,876
75,-639,79,486,-325,238,-1,-39,84,36,-42,-83,73,-58,155,9,3313,1798,876
30,-636,67,419,-440,330,-16,-18,81,14,-39,-76,-185,46,125,9,3313,1798,876
12,-613,49,368,-505,390,-21,-7,81,9,-35,-76,-177,61,128,9,3313,1798,876
0,-579,24,327,-576,428,-26,0,80,0,-35,-72,-171,69,128,9,3313,1798,876
-15,-540,0,261,-643,448,-30,3,81,0,-34,-76,-164,75,124,9,3313,1798,876
-32,-459,-22,89,-760,436,-23,2,81,-13,-35,-77,-143,73,109,9,3313,1798,876
-34,-430,-19,-21,-806,422,-19,0,82,-14,-35,-84,-129,64,102,9,3313,1798,876
-31,-402,-10,-134,-840,410,-19,-5,80,-29,-31,-73,-114,52,98,9,3313,1798,876
-31,-402,-10,-246,-861,395,-19,-5,80,-25,-28,-80,-105,40,94,9,3313,1798,876
-65,-156,-56,-345,-872,377,13,77,68,-23,-23,-76,-99,30,93,9,3313,1798,876
-80,-170,-49,-550,-840,326,26,78,76,-17,-17,-74,-91,17,89,9,3313,1798,876
-88,-174,-41,-632,-820,292,36,76,76,-22,-15,-77,-86,11,97,9,3313,1798,876
-95,-175,-32,-717,-791,264,44,70,73,-22,-16,-73,-82,5,108,9,3313,1798,876
-104,-171,-25,-806,-748,224,53,60,74,-19,-16,-72,-74,4,113,9,3313,1798,876
-114,-161,-23,-879,-701,173,60,43,73,-19,-21,-71,-72,8,120,9,3313,1798,876
-128,-127,-25,-978,-596,95,59,31,76,-36,-26,-67,-60,15,136,9,3313,1798,876
-137,-107,-28,-1031,-518,54,51,36,81,-45,-28,-65,-49,22,143,9,3313,1798,876
-144,-83,-31,-1065,-457,5,41,41,80,-69,-30,-66,-42,32,146,9,3313,1798,876
-155,-65,-32,-1088,-398,-40,35,36,78,-73,-37,-66,-33,46,143,9,3313,1798,876
-168,-49,-29,-1120,-326,-78,29,28,77,-82,-42,-54,-30,67,136,9,3313,1798,876
-201,-24,-19,434,1158,-513,23,20,74,-96,-37,-68,-28,101,111,9,3313,1798,876
-215,-13,-20,409,1065,-368,22,18,79,-96,-37,-68,-29,115,99,9,3313,1798,876
-226,-1,-24,373,962,-246,22,10,85,-44,-18,-67,-29,123,91,9,3313,1798,876
-233,10,-30,325,860,-162,23,2,90,-63,-18,-69,-29,123,91,9,3313,1798,876
-230,41,-37,222,706,-106,24,-8,88,-119,-16,-58,74,186,113,9,3313,1798,876
-221,59,-36,173,665,-123,22,-7,86,-137,-16,-56,74,171,113,9,3313,1798,876
-209,73,-34,123,641,-147,18,-8,83,-153,-18,-52,71,155,111,9,3313,1798,876
-195,88,-33,67,635,-176,10,-10,78,-158,-25,-48,67,144,108,9,3313,1798,876
-175,102,-32,9,640,-206,1,-11,76,-158,-28,-42,60,135,105,9,3313,1798,876
-150,116,-31,-59,654,-236,-8,-10,75,-137,-25,-39,46,122,109,9,3313,1798,876
-129,-31,-34,-59,654,-236,32,53,83,-115,-26,-49,43,116,110,9,3313,1798,876
-141,-38,-30,-134,680,-257,27,46,78,-91,-30,-60,42,113,107,9,3313,1798,876
-152,-42,-28,-208,701,-256,23,38,77,-69,-33,-65,45,114,98,9,3313,1798,876
-159,-47,-28,-267,702,-244,20,31,78,-54,-31,-69,43,113,80,9,3313,1798,876
-163,-54,-24,-322,677,-226,17,23,83,-43,-29,-71,39,120,84,9,3313,1798,876
-172,-58,-14,-410,603,-203,10,14,95,-25,-31,-78,26,121,82,9,3313,1798,876
-182,-59,-14,-457,548,-181,6,11,93,-15,-26,-90,14,112,90,9,3313,1798,876
-191,-56,-16,-505,507,-160,0,10,86,-2,-27,-86,0,105,92,9,3313,1798,876
-197,-53,-20,-558,489,-140,-11,15,80,7,-25,-84,-11,95,93,9,3313,1798,876
-212,-44,-31,-631,293,-17,-47,14,79,30,-35,-74,-26,80,84,9,3313,1798,876
-215,-48,-32,-640,222,7,-57,10,80,33,-37,-83,-28,74,89,9,3313,1798,876
-217,-56,-31,-640,222,7,-61,9,81,32,-37,-84,-34,71,92,9,3313,1798,876
-214,-68,-27,395,-457,18,-61,10,80,16,-30,-86,-39,71,93,9,3313,1798,876
-206,-84,-22,392,-440,1,-57,10,79,7,-27,-80,-44,70,90,9,3313,1798,876
-184,-121,-11,394,-425,-20,-53,5,77,6,-29,-78,-49,63,87,9,3313,1798,876
-170,-139,-10,397,-420,-30,-54,0,77,1,-9,-69,-49,63,87,9,3313,1798,876
-156,-159,-10,396,-408,-41,-54,-2,77,5,-6,-70,-48,-126,96,9,3313,1798,876
-141,-177,-11,395,-392,-57,-57,-4,77,20,-2,-75,-35,-133,92,9,3313,1798,876
-122,-198,-10,391,-371,-81,-57,-6,76,24,1,-75,-25,-139,88,9,3313,1798,876
-84,-248,4,385,-323,-108,-48,-5,78,23,5,-77,-4,-145,84,9,3313,1798,876
-66,-267,10,382,-300,-120,-42,-2,83,26,4,-81,3,-146,87,9,3313,1798,876
-49,-284,13,379,-278,-122,-35,6,85,35,1,-84,10,-148,88,9,3313,1798,876
-36,-296,16,373,-255,-117,-32,14,88,40,-2,-82,10,-150,89,9,3313,1798,876
-24,-306,20,346,-209,-104,-28,24,90,58,-7,-83,16,-147,83,9,3313,1798,876
808,60,186,336,-185,-98,38,38,75,59,-8,-85,20,-148,86,9,3313,1798,876
830,124,135,324,-164,-88,31,26,75,58,-7,-88,25,-147,89,9,3313,1798,876
838,181,84,310,-143,-77,20,11,75,50,-3,-90,31,-149,93,9,3313,1798,876
838,233,38,295,-124,-69,7,-1,76,41,11,-126,36,-150,96,9,3313,1798,876
836,271,-6,279,-108,-61,-4,-12,76,59,7,-97,42,-151,99,9,3313,1798,876
800,362,-86,250,-82,-38,-15,-23,76,30,4,-102,40,-152,104,9,3313,1798,876
769,389,-117,230,-77,-21,-16,-20,79,48,12,-115,39,-155,106,9,3313,1798,876
724,427,-126,218,-69,-5,-16,-15,79,6,-1,-86,41,-157,108,9,3313,1798,876
700,436,-134,206,-61,5,-13,-12,79,-21,-2,-84,45,-159,108,9,3313,1798,876
652,470,-140,192,-51,15,-10,-9,76,-12,3,-86,50,-156,105,9,3313,1798,876
603,523,-182,216,65,37,-1,-14,78,24,20,-101,62,-150,109,9,3313,1798,876
588,549,-179,222,85,13,-2,-23,75,27,23,-92,65,-144,106,9,3313,1798,876
594,559,-160,215,101,-4,-4,-32,75,26,23,-85,76,-130,105,9,3401,1847,891
565,620,-105,199,106,-18,-6,-44,79,28,25,-86,88,-112,97,9,3401,1847,891
598,712,-17,158,103,-41,-20,-62,111,22,27,-89,83,-111,94,9,3401,1847,891
605,778,10,136,96,-45,-31,-67,142,34,32,-65,84,161,11,9,3401,1847,891
603,839,34,110,82,-47,-44,-72,150,28,21,-62,84,165,8,9,3401,1847,891
592,877,31,83,64,-46,-53,-80,134,24,13,-73,84,158,7,9,3401,1847,891
559,911,-15,57,48,-40,-55,-87,114,26,4,-63,82,141,10,9,3401,1847,891
501,914,-120,36,25,-28,-44,-98,93,31,-3,-67,85,125,18,9,3401,1847,891
165,902,-427,6,10,-12,-16,-109,76,36,-7,-75,103,101,58,9,3401,1847,891
-50,848,-586,-2,10,-4,-3866,1580,3005,38,-10,-77,111,98,77,9,3401,1847,891
-2828,-1762,1022,-10,7,-8,-3866,1580,3005,46,-7,-78,115,96,94,9,3401,1847,891
-2828,-1762,1022,-19,4,-2,-14,-123,103,58,-2,-77,118,98,105,9,3401,1847,891
-228,553,-141,-21,9,8,-16,-104,101,62,0,-77,120,97,110,9,3401,1847,891
-122,596,-120,-15,41,42,-15,-69,97,76,10,-80,121,79,108,9,3401,1847,891
-59,617,-100,-11,61,52,-15,-53,94,73,11,-79,118,61,106,9,3401,1847,891
9,638,-76,-10,67,58,-13,-42,90,73,14,-80,113,41,106,9,3401,1847,891
83,654,-46,-7,66,69,-10,-34,88,69,16,-81,106,24,110,9,3401,1847,891
171,661,-10,-2,67,76,-9,-27,84,62,19,-81,95,7,114,9,3401,1847,891
358,626,67,3,66,80,-9,-15,79,51,28,-87,69,-3,126,9,3401,1847,891
432,575,110,169,-31,7,-11,-11,81,50,33,-82,57,-2,128,9,3401,1847,891
491,511,161,177,-25,10,-13,-7,82,48,38,-83,49,0,127,9,3401,1847,891
551,439,215,205,-23,7,-15,-1,80,43,40,-80,46,4,124,9,3401,1847,891
616,358,264,233,-33,2,-14,5,77,42,44,-81,45,5,119,9,3401,1847,891
743,154,332,252,-71,20,-20,18,75,39,51,-78,43,-9,105,9,3401,1847,891
779,33,344,253,-79,37,-20,23,76,37,50,-76,43,-9,105,9,3401,1847,891
797,-104,348,255,-70,51,-18,26,74,37,50,-76,-26,-147,181,9,3401,1847,891
795,-229,334,263,-49,60,-16,23,72,42,24,-71,-55,-139,181,9,3401,1847,891
738,-431,314,296,1,71,-9,6,76,25,13,-75,-94,-122,163,9,3401,1847,891
684,-515,315,312,23,72,-5,0,75,16,5,-79,-111,-118,151,9,3401,1847,891
607,-587,314,323,38,78,-5,0,76,7,-3,-77,-128,-118,138,9,3401,1847,891
502,-646,302,334,48,88,-5,1,75,6,-16,-77,-142,-119,127,9,3401,1847,891
388,-682,277,345,47,96,-5,2,73,10,-33,-75,-155,-124,120,9,3401,1847,891
291,-712,238,368,14,117,2929,-490,-338,10,-70,-70,-193,-126,105,9,3401,1847,891
-58,-276,-76,378,-12,135,-83,6,67,2,-88,-68,-208,-121,97,9,3401,1847,891
-69,-261,-75,394,-42,158,-71,1,70,-3,-99,-64,-224,-111,90,9,3401,1847,891
-81,-246,-67,417,-76,184,-59,4,71,-8,-105,-59,-232,-91,82,9,3401,1847,891
-94,-229,-59,438,-114,218,-44,10,70,0,-103,-68,-231,-72,74,9,3401,1847,891
-108,-210,-58,452,-164,246,-25,20,63,18,-98,-70,-221,-49,71,9,3401,1847,891
-144,-180,-62,431,-301,282,20,41,65,36,-98,-71,-179,-8,80,9,3401,1847,891
-159,-165,-63,408,-391,282,37,42,63,28,-99,-73,-152,3,87,9,3401,1847,891
-170,-148,-61,364,-478,288,48,41,68,19,-97,-80,-126,5,97,9,3401,1847,891
-180,-129,-54,364,-478,288,58,41,74,11,-94,-77,-106,2,104,9,3401,1847,891
-185,-110,-39,-919,132,-118,63,43,76,6,-89,-78,-96,1,108,9,3401,1847,891
-198,-79,-3,-893,284,-214,55,50,75,-4,-68,-81,-93,-5,112,9,3401,1847,891
-203,-60,10,-869,367,-269,53,47,78,-8,-52,-79,-98,-8,109,9,3401,1847,891
-209,-41,14,-842,447,-330,51,41,78,-16,-38,-74,-98,-8,109,9,3401,1847,891
-215,-20,10,-804,526,-390,52,31,75,-16,-38,-74,1,155,80,9,3401,1847,891
-218,-2,-1,-754,598,-450,54,25,77,-49,20,-67,4,155,80,9,3401,1847,891
-223,23,-22,-612,736,-552,57,29,74,-37,6,-60,5,169,63,9,3401,1847,891
-227,29,-24,-531,816,-586,53,31,74,-39,4,-60,1,177,58,9,3401,1847,891
-231,31,-23,-448,894,-617,47,29,73,-46,1,-61,-2,182,55,9,3401,1847,891
-231,33,-18,-354,967,-652,37,24,74,-52,0,-60,-3,189,50,9,3401,1847,891
-228,33,-14,-257,1017,-682,29,20,77,-54,-2,-57,-1,197,45,9,3401,1847,891
-222,37,-16,-47,1121,-707,24,17,77,-47,-4,-61,7,213,42,9,3401,1847,891
-111,11,14,56,1163,-724,10,24,79,-47,-3,-63,18,206,53,9,3401,1847,891
-103,12,8,143,1198,-731,14,29,85,-55,-4,-65,25,202,66,9,3401,1847,891
-96,20,2,-96,20,2,20,34,83,-61,-7,-77,28,200,73,9,3401,1847,891
-96,28,0,207,1216,-700,21,37,79,-45,-19,-68,31,198,79,9,3401,1847,891
-103,34,0,-255,1036,-1042,18,41,78,-48,-26,-58,32,189,91,9,3401,1847,891
-120,28,-2,-3935,1794,2837,5,36,77,-53,-39,-71,40,171,107,9,3401,1847,891
-130,18,-6,-3935,1794,2837,-6,36,80,-52,-44,-75,43,168,110,9,3401,1847,891
-139,7,-6,-390,-262,276,-17,37,82,-51,-49,-74,44,164,111,9,3401,1847,891
-149,-8,-4,-326,-306,278,-22,38,82,-51,-55,-72,42,161,108,9,3401,1847,891
-159,-25,-3,-255,-348,277,-23,35,78,-51,-61,-71,40,153,105,9,3401,1847,891
-164,-56,0,-145,-378,277,-16,28,72,-53,-72,-67,39,124,114,9,3401,1847,891
-161,-67,0,-83,-401,291,-9,26,73,-55,-75,-66,39,111,121,9,3401,1847,891
-160,-76,-2,-33,-415,296,0,27,76,-58,-77,-66,39,111,121,9,3401,1847,891
-159,-82,-7,14,-456,287,4,30,82,-58,-77,-66,-8,7,70,9,3401,1847,891
-162,-88,-14,68,-505,270,2,36,90,0,19,-63,-15,7,66,9,3401,1847,891
-167,-98,-25,158,-574,216,-8,36,93,-19,24,-62,-43,1,66,9,3401,1847,891
-169,-102,-31,195,-591,195,-10,24,86,-33,32,-66,-58,-6,67,9,3401,1847,891
-169,-106,-32,229,-595,154,-5,10,81,-39,35,-63,-69,-16,70,9,3401,1847,891
-166,-105,-28,249,-587,100,7,-1,81,-41,33,-62,-78,-27,76,9,3401,1847,891
-163,-102,-22,248,-573,48,19,-3,83,-38,27,-66,-84,-35,83,9,3352,1823,907
-164,-94,-16,225,-565,-33,24,6,88,-25,20,-74,-95,-48,109,9,3352,1823,907
1,-483,80,207,-572,-50,-51,-26,81,-18,17,-73,-104,-57,127,9,3352,1823,907
16,-495,94,201,-585,-55,-53,-32,81,-9,18,-71,-116,-67,142,9,3352,1823,907
48,-504,113,214,-600,-58,-51,-28,77,1,21,-65,-127,-74,151,9,3352,1823,907
95,-504,134,218,-610,-64,-42,-24,72,6,17,-62,-133,-77,157,9,3352,1823,907
154,-495,151,235,-619,-67,-28,-18,67,11,13,-67,-139,-80,155,9,3352,1823,907
280,-442,180,287,-612,-63,-7,-10,61,25,2,-68,-147,-82,143,9,3352,1823,907
339,-413,186,287,-612,-63,-9,-22,65,20,1,-65,-147,-85,133,9,3352,1823,907
397,-385,193,166,16,55,-16,-40,78,21,5,-70,-137,-93,130,9,3352,1823,907
456,-349,197,158,-6,47,-29,-55,92,12,11,-72,-123,-112,134,9,3352,1823,907
512,-311,198,162,-24,45,-47,-66,98,2,9,-68,-104,-138,136,9,3352,1823,907
614,-208,199,178,-46,26,-67,-78,91,12,3,-86,-48,-190,134,9,3352,1823,907
663,-156,189,185,-53,13,-70,-68,86,19,-11,-77,-25,-216,127,9,3352,1823,907
704,-93,181,190,-60,-6,-69,-52,80,14,-31,-71,-25,-216,127,9,3352,1823,907
737,-26,164,196,-63,-21,-67,-36,76,14,-31,-71,88,-31,120,9,3352,1823,907
771,38,139,200,-64,-32,-61,-23,73,-4,142,-64,91,-27,128,9,3352,1823,907
823,172,67,208,-63,-46,-34,-12,69,-8,132,-60,101,-1,129,9,3352,1823,907
837,235,27,214,-60,-46,-14,-15,69,-4,126,-60,104,6,130,9,3352,1823,907
847,288,-12,218,-58,-44,9,-20,70,3,119,-64,102,5,118,9,3352,1823,907
843,341,-37,216,-55,-38,29,-17,69,8,109,-69,103,6,116,9,3352,1823,907
812,408,-47,215,-52,-34,50,-11,67,10,101,-69,104,5,114,9,3352,1823,907
781,452,-73,209,-39,-17,68,0,63,11,69,-65,99,17,105,9,3352,1823,907
-523,280,-557,206,-27,-12,57,-88,59,9,49,-65,95,13,105,9,3352,1823,907
-630,201,-642,200,-14,-12,51,-86,80,10,26,-67,91,9,112,9,3352,1823,907
-786,141,-665,193,-1,-12,36,-78,99,11,8,-67,89,14,120,9,3352,1823,907
-929,90,-674,185,9,-9,23,-69,116,15,-5,-71,83,31,120,9,3352,1823,907
-1034,38,-673,175,19,-9,9,-55,126,18,-18,-74,73,44,120,9,3352,1823,907
-1138,-19,-594,158,42,-11,-16,-26,126,20,-31,-80,67,78,123,9,3352,1823,907
-1156,-21,-530,158,42,-11,-21,-13,118,22,-34,-82,65,85,121,9,3352,1823,907
-1141,-20,-464,-4,36,81,-23,-2,104,23,-41,-83,59,82,121,9,3352,1823,907
-1094,-10,-382,2,37,73,-24,3,94,27,-49,-85,53,79,119,9,3352,1823,907
-1018,10,-302,11,36,65,-22,1,85,39,-55,-83,47,79,113,9,3352,1823,907
-850,104,-182,37,36,47,-15,-21,80,72,-56,-81,36,117,95,9,3352,1823,907
-754,159,-149,51,36,37,-16,-32,81,85,-50,-78,30,147,81,9,3352,1823,907
-659,211,-120,66,36,26,-18,-45,87,85,-41,-76,30,147,81,9,3352,1823,907
-560,260,-108,83,39,12,-21,-57,91,85,-41,-76,30,-30,79,9,3352,1823,907
-461,297,-96,102,41,-1,-25,-69,95,31,75,-74,28,-38,81,9,3352,1823,907
-331,382,-56,140,38,-22,-34,-84,96,35,78,-73,32,-41,88,9,3352,1823,907
-288,424,-48,157,34,-28,-34,-91,92,42,73,-73,38,-46,92,9,3352,1823,907
-244,463,-49,169,28,-33,-30,-99,86,51,66,-74,41,-51,90,9,3352,1823,907
-219,492,-67,179,21,-35,-25,-106,80,52,57,-75,45,-53,86,9,3352,1823,907
-203,521,-93,186,11,-37,-21,-110,80,47,49,-77,50,-54,81,9,3352,1823,907
-181,554,-120,188,-8,-37,-16,-110,80,40,46,-76,54,-71,79,9,3352,1823,907
697,-777,390,187,-19,-36,23,18,74,39,45,-77,56,-78,82,9,3352,1823,907
641,-855,329,185,-31,-33,27,19,83,35,45,-76,61,-89,88,9,3352,1823,907
554,-886,262,181,-42,-28,29,19,89,34,48,-78,62,-102,97,9,3352,1823,907
462,-885,193,178,-52,-25,34,14,91,35,52,-77,67,-111,104,9,3352,1823,907
383,-882,136,176,-61,-21,40,5,91,36,56,-74,68,-115,112,9,3352,1823,907
243,-936,65,170,-78,-4,49,-6,92,39,58,-72,77,-120,120,9,3352,1823,907
168,-965,28,170,-78,-4,49,-6,89,40,52,-73,79,-123,123,9,3352,1823,907
89,-967,-16,510,-249,227,44,-9,87,36,47,-75,71,-127,125,9,3352,1823,907
17,-947,-62,495,-283,276,44,-13,87,33,41,-72,63,-128,125,9,3352,1823,907
-46,-913,-103,481,-313,333,44,-20,88,27,37,-70,51,-133,123,9,3352,1823,907
-148,-820,-156,430,-433,451,29,-36,93,20,35,-70,-1,-155,130,9,3352,1823,907
-191,-771,-170,372,-523,497,14,-45,95,17,29,-75,3037,-217,2045,9,3352,1823,907
-224,-716,-179,292,-617,529,-2,-54,93,21,23,-83,3037,-217,2045,9,3352,1823,907
-249,-661,-179,191,-704,553,-24,-57,90,21,23,-83,-101,-16,135,9,3352,1823,907
-266,-609,-171,72,-775,569,-48,-52,85,-25,-26,-76,-99,-19,144,9,3352,1823,907
-277,-493,-145,-171,-862,568,-71,-40,77,-45,-13,-80,-91,-30,170,9,3352,1823,907
-272,-437,-128,-293,-886,541,-79,-34,74,-38,-9,-79,-82,-41,184,9,3352,1823,907
-263,-386,-113,-419,-895,502,-85,-30,72,-34,-9,-71,-79,-44,192,9,3352,1823,907
-254,-337,-99,-540,-889,455,-93,-21,71,-36,-3,-68,-85,-36,185,9,3352,1823,907
-243,-290,-86,-654,-873,402,-98,-18,69,-42,1,-62,-96,-18,158,9,3352,1823,907
-228,-247,-72,-848,-836,279,-101,-15,75,-46,7,-62,-117,35,90,9,3352,1823,907
-77,3,-6,-933,-822,227,39,35,73,-54,4,-67,-122,53,65,9,3352,1823,907
-85,0,-13,-1007,-799,185,49,26,75,-67,0,-74,-121,60,56,9,3352,1823,907
-96,-5,-22,-1058,-759,145,60,14,78,-55,-11,-73,-112,59,57,9,3352,1823,907
-108,-6,-27,-1087,-697,100,68,2,81,-49,-22,-75,-101,53,67,9,3352,1823,907
-123,-5,-30,-1109,-619,41,72,-3,84,-55,-24,-93,-90,47,75,9,3352,1823,907
-147,6,-27,-1166,-426,-119,90,-3,86,-28,-36,-82,-65,54,89,9,3352,1823,907
-150,16,-17,-1166,-426,-119,96,-4,92,-17,-34,-85,-53,66,89,9,3352,1823,907
-149,31,-3,600,1138,-442,102,-9,97,-23,-24,-95,-45,81,85,9,3391,1842,922
-141,49,9,604,1110,-363,102,-11,98,5,-20,-97,-38,103,82,9,3391,1842,922
-132,68,16,588,1067,-264,98,-5,96,10,-13,-75,-36,126,75,9,3391,1842,922
-111,104,10,491,941,-81,86,13,95,8,21,-79,-41,168,65,9,3391,1842,922
-99,117,2,422,875,-33,73,20,95,10,33,-68,-41,168,65,9,3391,1842,922
-88,125,-5,345,811,-13,50,23,95,10,46,-62,57,181,117,9,3391,1842,922
-79,132,-11,264,752,-15,28,26,93,10,46,-62,56,178,117,9,3391,1842,922
-74,135,-18,182,705,-32,10,29,87,-134,20,-68,56,171,114,9,3391,1842,922
-73,133,-32,16,638,-58,-17,35,79,-102,13,-71,48,164,109,9,3391,1842,922
-81,128,-38,-62,620,-61,-23,37,75,-87,0,-60,33,159,118,9,3391,1842,922
-88,125,-41,-136,610,-63,-26,40,75,-76,-13,-55,25,145,126,9,3391,1842,922
-96,117,-43,-199,600,-58,-27,48,77,-66,-27,-56,18,132,129,9,3391,1842,922
-105,111,-39,-249,591,-56,-28,66,82,-56,-39,-60,11,118,121,9,3391,1842,922
-116,102,-33,-324,562,-68,-38,86,81,-28,-58,-70,-10,95,104,9,3391,1842,922
-77,-79,-15,-365,541,-77,76,56,81,-14,-63,-73,-18,82,94,9,3391,1842,922
-71,-92,-4,-403,531,-70,83,61,81,0,-64,-74,-25,74,84,9,3391,1842,922
-64,-107,4,-455,479,-49,87,67,81,6,-55,-80,-29,66,72,9,3391,1842,922
-58,-120,12,-467,406,4,87,75,82,10,-39,-81,-35,59,62,9,3391,1842,922
-51,-135,15,-473,403,17,78,80,82,13,-15,-80,-40,49,57,9,3391,1842,922
-30,-180,5,-543,405,0,62,67,75,12,-5,-74,-53,27,60,9,3391,1842,922
-14,-203,-7,-543,405,0,52,58,67,4,-10,-67,-59,19,67,9,3391,1842,922
4,-226,-16,433,-538,128,39,46,60,-8,-10,-63,-60,12,74,9,3391,1842,922
25,-244,-16,450,-521,127,25,32,53,-27,-3,-66,-60,7,80,9,3391,1842,922
46,-262,-9,464,-510,130,6,18,51,-41,8,-66,-57,5,81,9,3391,1842,922
74,-258,-2,480,-493,135,-42,-20,59,-48,38,-71,-61,8,71,9,3391,1842,922
76,-244,-7,486,-476,132,-68,-45,60,-29,45,-70,-61,8,71,9,3391,1842,922
71,-231,-16,483,-455,119,-90,-72,59,-13,50,-70,61,-173,101,9,3391,1842,922
60,-220,-22,471,-431,100,-103,-91,61,-13,50,-70,53,-144,94,9,3391,1842,922
41,-219,-23,453,-407,76,-121,-95,63,130,-17,-90,45,-122,89,9,3391,1842,922
-7,-233,-6,412,-368,28,-155,-77,76,54,6,-95,24,-94,77,9,3391,1842,922
-31,-246,14,393,-351,8,-170,-66,85,10,14,-103,10,-90,73,9,3391,1842,922
-58,-266,32,377,-337,-10,-187,-59,95,-27,22,-85,-3,-93,71,9,3391,1842,922
-84,-282,45,360,-328,-28,-204,-53,104,-46,36,-86,-18,-96,71,9,3391,1842,922
-105,-292,53,346,-317,-46,-218,-44,108,-54,48,-91,-32,-104,71,9,3391,1842,922
-126,-307,60,322,-283,-87,-221,-27,109,-81,70,-92,-58,-123,74,9,3391,1842,922
817,356,62,307,-264,-104,-43,-7,89,-89,77,-81,-63,-129,79,9,3391,1842,922
805,397,32,295,-244,-117,-64,-15,83,-92,85,-81,-60,-135,86,9,3391,1842,922
780,443,9,281,-230,-125,-84,-34,79,-70,91,-86,-55,-140,95,9,3391,1842,922
762,480,-12,270,-226,-127,-95,-59,81,-31,96,-89,-50,-145,107,9,3391,1842,922
741,512,-32,262,-226,-127,-95,-87,84,6,97,-86,-42,-147,119,9,3391,1842,922
661,581,-38,-598,-3923,-3645,-69,-136,80,74,93,-81,-23,-140,135,9,3391,1842,922
620,601,-31,-598,-3923,-3645,-55,-142,88,100,93,-81,-10,-135,140,9,3391,1842,922
561,643,-20,271,91,47,-45,-135,91,106,88,-81,-2,-129,136,9,3391,1842,922
501,663,10,258,113,42,-36,-122,92,102,86,-78,3,-135,139,9,3391,1842,922
419,691,38,247,137,34,-25,-105,91,107,81,-86,17,-139,140,9,3391,1842,922
347,721,41,219,179,18,5,-93,96,82,64,-76,44,-132,123,9,3391,1842,922
313,747,39,204,195,15,21,-94,103,59,62,-87,44,-132,123,9,3391,1842,922
295,787,8,186,211,11,34,-94,107,112,390,1533,72,110,64,9,3391,1842,922
297,822,-19,168,232,5,44,-88,108,112,390,1533,65,129,58,9,3391,1842,922
260,872,-38,146,253,0,50,-82,100,7,4,-65,63,151,52,9,3391,1842,922
114,973,-83,100,289,-8,65,-56,95,20,1,-65,67,196,45,9,3391,1842,922
35,980,-126,74,312,-12,70,-41,94,23,5,-67,75,203,46,9,3391,1842,922
-51,974,-171,45,323,-17,67,-27,94,24,12,-72,86,190,48,9,3391,1842,922
-121,943,-244,19,330,-21,64,-18,95,27,23,-73,98,169,49,9,3391,1842,922
-205,902,-328,-3,328,-24,56,-6,93,34,31,-74,107,149,54,9,3391,1842,922
-284,837,-430,-37,313,-13,49,6,94,52,30,-74,119,123,71,9,3391,1842,922
-240,343,189,-52,296,-8,-29,-130,93,67,23,-74,121,112,81,9,3391,1842,922
-178,363,151,-63,270,2,-26,-124,90,75,13,-74,121,106,85,9,3391,1842,922
-114,403,109,-71,251,16,-23,-117,89,77,1,-75,121,93,84,9,3391,1842,922
-34,450,61,-73,234,29,-21,-108,88,80,-9,-78,121,65,83,9,3391,1842,922
52,484,20,-75,214,41,-21,-99,89,77,-19,-81,120,46,84,9,3391,1842,922
202,512,-21,-78,192,59,-29,-76,91,72,-31,-86,106,16,87,9,3391,1842,922
267,512,-37,323,-150,-94,-36,-60,84,73,-32,-88,93,12,92,9,3391,1842,922
325,511,-58,299,-156,-81,-45,-42,78,72,-30,-88,78,14,97,9,3391,1842,922
379,504,-74,272,-154,-68,-52,-23,76,68,-28,-84,66,23,100,9,3391,1842,922
429,486,-74,245,-147,-58,-60,-2,72,59,-21,-84,58,23,104,9,3391,1842,922
520,392,-26,204,-128,-42,-71,29,64,42,2,-81,52,19,105,9,3391,1842,922
547,332,7,191,-119,-33,-72,37,64,40,16,-80,55,16,103,9,3391,1842,922
581,278,31,181,-110,-19,-68,38,66,40,24,-76,56,15,100,9,3391,1842,922
624,223,53,172,-103,0,-64,36,66,39,28,-75,56,15,100,9,3391,1842,922
716,99,108,155,-97,44,-50,38,65,-96,-2526,-1581,-69,-154,167,9,3391,1842,922
747,23,130,147,-96,65,-45,44,66,46,5,-78,-85,-149,170,9,3391,1842,922
755,-53,141,142,-94,79,-38,48,66,46,7,-78,-94,-142,174,9,3391,1842,922
752,-127,134,140,-92,87,-26,52,67,48,10,-78,-100,-133,177,9,3304,1798,937
731,-185,124,141,-90,88,-12,52,69,51,7,-75,-100,-126,176,9,3304,1798,937
708,-281,109,150,-90,91,20,48,74,49,-5,-72,-97,-115,167,9,3304,1798,937
710,-326,119,158,-90,98,35,38,76,41,-13,-72,-93,-114,157,9,3304,1798,937
723,-391,133,168,-87,108,49,33,82,26,-18,-70,-88,-118,145,9,3304,1798,937
712,-463,152,183,-84,117,61,26,84,20,-21,-72,-90,-128,134,9,3304,1798,937
680,-540,160,234,-81,129,67,19,83,14,-27,-67,-108,-150,112,9,3304,1798,937
-238,-148,22,262,-86,132,-5,0,79,24,-34,-65,-115,-158,100,9,3304,1798,937
-214,-135,19,285,-96,129,4,2,71,29,-43,-66,-120,-163,87,9,3304,1798,937
-190,-125,15,306,-106,121,14,-1,62,31,-49,-73,-133,-161,73,9,3304,1798,937
-169,-118,16,324,-112,113,24,-7,64,25,-51,-77,-142,-156,56,9,3304,1798,937
-148,-112,19,351,-110,103,33,-2,72,21,-50,-77,-149,-146,45,9,3304,1798,937
-112,-109,20,387,-104,99,36,24,75,16,-43,-72,-167,-121,37,9,3304,1798,937
-98,-111,16,-1168,-132,-44,37,41,78,14,-41,-72,-179,-104,41,9,3304,1798,937
-85,-108,10,-1151,-61,-97,35,56,77,7,-38,-74,-193,-82,47,9,3304,1798,937
-76,-110,0,-1130,-7,-147,31,62,74,7,-34,-75,-203,-53,53,9,3304,1798,937
-71,-111,-10,-1111,36,-196,26,63,76,-5,-31,-82,-204,-22,57,9,3304,1798,937
-63,-114,-31,-1082,158,-263,10,60,71,-17,-28,-79,-189,45,71,9,3304,1798,937
-65,-116,-36,-1053,223,-275,3,64,72,-28,-22,-98,-166,65,81,9,3304,1798,937
-72,-119,-43,-1014,279,-276,1,71,70,-18,-20,-90,-166,65,81,9,3304,1798,937
-79,-122,-48,-976,315,-281,2,71,67,-4,-24,-75,17,209,98,9,3304,1798,937
-94,-119,-57,-916,348,-356,9,72,66,-2,-24,-76,18,223,52,9,3304,1798,937
-103,-111,-60,-893,377,-403,12,68,67,-28,4,-90,10,215,40,9,3304,1798,937
-115,-102,-58,-878,416,-413,17,61,70,-14,1,-89,5,203,33,9,3304,1798,937
-131,-94,-53,-869,479,-401,18,53,73,-1,0,-87,1,189,36,9,3304,1798,937
-148,-87,-47,-836,575,-395,20,43,75,7,-1,-84,0,178,45,9,3304,1798,937
-181,-61,-44,-702,756,-449,20,31,72,15,0,-82,15,167,57,9,3304,1798,937
-192,-46,-42,-576,838,-561,17,30,73,12,-3,-80,23,166,58,9,3304,1798,937
-205,-29,-37,-425,930,-679,15,31,75,1,-7,-77,28,173,57,9,3304,1798,937
-220,-11,-33,-231,1041,-794,19,34,78,-13,-9,-75,33,184,51,9,3304,1798,937
-236,5,-33,185,1206,-1036,1614,14,2148,-53,-14,-68,42,198,44,9,3304,1798,937
-154,13,-66,-154,13,-66,15,53,76,-74,-20,-67,49,200,43,9,3304,1798,937
-172,3,-73,-172,3,-73,18,55,77,-92,-28,-64,54,196,44,9,3304,1798,937
-192,-3,-82,-192,-3,-82,19,57,79,-109,-34,-64,54,192,54,9,3304,1798,937
-206,-5,-91,-206,-5,-91,24,57,79,-125,-37,-59,53,191,64,9,3304,1798,937
-218,-5,-96,-218,-5,-96,29,57,77,-138,-39,-55,55,192,72,9,3304,1798,937
-235,0,-86,-227,-2,-94,41,56,78,-146,-40,-54,60,195,75,9,3304,1798,937
-240,-1,-75,-479,-73,195,44,56,80,-140,-41,-54,57,191,78,9,3304,1798,937
-243,-5,-62,-476,-131,268,46,57,81,-129,-42,-55,53,183,83,9,3304,1798,937
-243,-7,-46,-447,-192,322,46,54,81,-114,-40,-56,51,170,93,9,3304,1798,937
-239,-10,-30,-409,-238,349,42,52,83,-98,-40,-57,48,158,106,9,3304,1798,937
-219,-11,-5,-302,-343,352,28,49,80,-71,-28,-65,46,148,116,9,3304,1798,937
-208,-14,1,-242,-388,325,19,46,78,-60,-21,-68,-114,-25,112,9,3304,1798,937
-195,-18,9,-188,-435,303,12,42,76,-48,-14,-66,-124,-31,108,9,3304,1798,937
-181,-25,16,-139,-472,289,7,39,75,-33,-10,-66,-133,-39,102,9,3304,1798,937
-153,-46,26,-38,-546,257,-6,38,77,-21,-7,-67,-144,-65,99,9,3304,1798,937
-140,-62,28,12,-562,247,-9,39,79,10,3,-67,-148,-77,96,9,3304,1798,937
-125,-85,30,62,-568,224,-10,40,78,16,0,-63,-150,-92,97,9,3304,1798,937
-110,-109,33,107,-569,196,-12,38,77,10,-3,-59,-149,-104,96,9,3304,1798,937
-89,-134,35,143,-566,176,-10,37,80,10,-7,-63,-140,-117,96,9,3304,1798,937
-41,-173,31,196,-600,138,-7,37,82,17,-18,-67,-112,-141,103,9,3304,1798,937
-22,-187,24,218,-626,125,-7,36,80,25,-20,-69,-99,-157,115,9,3304,1798,937
-6,-199,12,241,-648,114,-8,34,73,32,-21,-68,-77,-171,129,9,3304,1798,937
7,-208,-1,254,-654,107,-12,31,71,34,-23,-68,-58,-179,135,9,3304,1798,937
19,-215,-16,281,-634,58,-3574,-1699,-3759,46,-22,-78,-25,-191,128,9,3304,1798,937
597,-394,303,286,-616,33,-47,-4,79,55,-24,-77,-5,-201,125,9,3304,1798,937
656,-353,292,293,-608,10,-42,18,81,55,-29,-81,11,-213,121,9,3304,1798,937
716,-306,271,305,-614,-4,-33,39,79,51,-37,-75,26,-232,118,9,3304,1798,937
779,-258,239,327,-622,-12,-17,54,80,61,-43,-80,37,-251,113,9,3304,1798,937
833,-194,210,356,-621,-4,0,64,78,68,-53,-81,48,-264,103,9,3304,1798,937
937,-59,131,387,-605,-8,39,62,77,77,-52,-124,75,-268,81,9,3304,1798,937
974,18,89,288,34,26,56,48,78,87,-54,-114,81,-264,71,9,3304,1798,937
993,104,50,282,33,40,65,32,80,81,-51,-87,85,-257,63,9,3304,1798,937
1005,185,0,278,34,49,67,12,81,100,-41,-128,90,-246,60,9,3304,1798,937
1008,253,-65,272,36,61,63,-11,87,110,-21,-138,90,-246,60,9,3304,1798,937
988,361,-178,254,43,67,41,-78,95,22,-13,-92,106,34,145,9,3304,1798,937
947,424,-225,246,46,70,32,-102,137,8,3,-86,119,30,151,9,3304,1798,937
924,466,-277,237,51,76,5,-110,211,16,26,-105,130,33,148,9,3304,1798,937
889,495,-314,239,62,73,-42,-123,192,14,44,-89,149,40,138,9,3304,1798,937
780,569,-318,223,76,72,-44,-117,50,0,64,-82,176,48,132,9,3304,1798,937
738,592,-320,208,79,75,-52,-106,60,35,26,-71,181,63,117,9,3304,1798,937
697,621,-320,198,92,69,-56,-118,75,16,27,-67,186,82,111,9,3304,1798,937
645,658,-307,187,106,62,-53,-140,82,1,28,-67,184,105,102,9,3304,1798,937
577,712,-285,176,121,64,-48,-159,86,-11,31,-67,182,111,88,9,3304,1798,937
489,784,-212,156,151,42,-21,-168,85,-18,38,-69,166,91,86,9,3304,1798,937
408,833,-153,151,172,38,-6,-160,83,-23,41,-68,157,92,84,9,3391,1842,953
330,885,-129,129,166,41,6,-141,82,-23,41,-68,145,90,77,9,3391,1842,953
247,933,-123,118,180,23,16,-117,81,-20,41,-71,128,94,64,9,3391,1842,953
178,960,-127,85,197,-1,17,-109,107,-10,44,-72,85,137,23,9,3391,1842,953
-383,448,-41,57,178,2,10,-116,110,-4,47,-70,65,154,6,9,3391,1842,953
-394,500,-16,31,161,4,3,-117,108,-2,51,-67,54,158,-4,9,3391,1842,953
-419,535,8,15,149,-1,0,-113,104,0,54,-65,46,155,-12,9,3391,1842,953
-404,563,57,-2,129,10,-2,-110,100,11,59,-70,45,129,-11,9,3391,1842,953
-354,575,90,-13,119,14,-3,-104,98,20,57,-69,49,120,-1,9,3391,1842,953
-282,592,124,-13,119,14,-4,-98,98,32,51,-71,52,120,9,9,3391,1842,953
-183,615,159,143,0,51,-3,-85,96,41,41,-72,57,114,29,9,3391,1842,953
-62,637,192,155,3,57,0,-73,88,52,29,-76,61,111,52,9,3391,1842,953
170,650,252,187,10,52,4,-49,84,51,5,-76,66,113,73,9,3391,1842,953
284,636,281,208,12,43,3,-37,83,44,0,-77,73,-62,104,9,3391,1842,953
394,596,305,228,14,36,0,-29,80,38,-3,-77,81,-65,106,9,3391,1842,953
493,541,330,249,19,29,-3,-23,79,33,0,-79,88,-75,115,9,3391,1842,953
589,479,347,271,23,23,-9,-19,80,30,7,-78,86,-80,126,9,3391,1842,953
773,311,348,324,37,11,-23,-16,80,29,18,-77,78,-98,138,9,3391,1842,953
837,202,336,351,43,2,-26,-20,81,-241,3523,-1057,65,-109,138,9,3391,1842,953
873,85,319,372,43,-6,-27,-23,84,-241,3523,-1057,54,-111,133,9,3391,1842,953
889,-22,285,389,42,-20,-27,-24,81,58,39,-80,45,-119,130,9,3391,1842,953
868,-171,180,400,26,-43,-30,-16,78,43,24,-79,22,-139,128,9,3391,1842,953
839,-238,143,395,12,-50,-28,-10,78,37,17,-78,7,-146,124,9,3391,1842,953
812,-315,120,388,-5,-53,-25,-6,73,31,10,-73,-4,-146,117,9,3391,1842,953
790,-386,110,376,-25,-50,-23,-2,69,24,8,-75,-23,-151,116,9,3391,1842,953
775,-456,108,361,-46,-42,-22,0,67,18,15,-79,-43,-153,115,9,3391,1842,953
-165,-301,-77,325,-83,-31,-30,-2,82,13,26,-75,-83,-150,113,9,3391,1842,953
-168,-285,-72,303,-100,-25,-31,4,79,5,32,-75,-94,-141,110,9,3391,1842,953
-173,-272,-55,279,-117,-12,-31,9,69,6,37,-76,-100,-130,107,9,3391,1842,953
-180,-256,-28,249,-131,-2,-30,5,61,5,41,-75,-100,-123,106,9,3391,1842,953
-201,-216,12,182,-156,19,-41,10,71,16,34,-72,-99,-120,108,9,3391,1842,953
-205,-193,22,2989,-3941,2788,-50,22,73,25,23,-70,-93,-123,114,9,3391,1842,953
-210,-170,28,2989,-3941,2788,-59,29,74,28,12,-72,-91,-132,119,9,3391,1842,953
-213,-148,31,-331,-971,511,-62,25,74,30,-3,-70,-88,-140,124,9,3391,1842,953
-212,-130,32,-451,-996,496,-63,21,74,26,-17,-68,-86,-149,125,9,3391,1842,953
-205,-93,41,-763,-979,417,-64,1,73,34,-36,-79,-86,-155,120,9,3391,1842,953
-202,-79,46,-925,-919,350,-57,3,75,43,-46,-76,-75,81,119,9,3391,1842,953
-200,-67,49,-1072,-820,264,-48,5,69,47,-50,-80,-60,78,124,9,3391,1842,953
-198,-58,49,-1191,-701,159,-35,6,76,48,-55,-76,-49,67,130,9,3391,1842,953
-199,-49,45,-1275,-585,44,-24,5,75,51,-58,-78,-42,56,137,9,3391,1842,953
-194,-38,24,-1368,-358,-178,2,9,73,29,-57,-80,-36,36,136,9,3391,1842,953
-188,-38,12,-1389,-255,-285,15,11,68,29,-57,-80,-32,32,126,9,3391,1842,953
-180,-41,1,-1397,-154,-384,28,16,71,-74,-15,-78,-30,39,114,9,3391,1842,953
-168,-48,-8,-1385,-37,-470,42,25,74,-81,0,-80,-28,53,96,9,3391,1842,953
-141,-70,-21,-1276,208,-614,57,43,74,-78,16,-89,-43,87,68,9,3391,1842,953
-127,-81,-26,-1186,317,-662,56,56,73,-69,18,-87,-50,109,57,9,3391,1842,953
-111,-88,-31,-1089,403,-695,57,68,67,-57,18,-87,-50,130,53,9,3391,1842,953
-93,-91,-37,-992,479,-725,61,78,66,-44,15,-84,-46,153,62,9,3391,1842,953
-78,-93,-45,-899,533,-743,61,79,67,-36,14,-77,-31,170,75,9,3391,1842,953
-17,95,-44,-704,639,-708,-74,18,76,-29,3,-70,2,193,104,9,3391,1842,953
-6,88,-23,-624,680,-638,-65,15,78,-25,-1,-80,15,195,117,9,3391,1842,953
-3,85,-1,-542,723,-529,-53,13,80,-19,-12,-73,17,197,120,9,3391,1842,953
-7,83,19,-484,760,-404,-38,15,85,-22,-20,-73,18,196,117,9,3391,1842,953
-33,80,50,-312,879,-313,-18,36,92,-33,-29,-73,4,195,87,9,3391,1842,953
-54,77,55,-312,879,-313,-9,45,82,-46,-29,-76,-11,198,65,9,3391,1842,953
-74,76,57,-397,474,-20,0,49,76,-52,-32,-66,-28,210,38,9,3391,1842,953
-92,73,54,-447,370,-18,7,54,74,-63,-34,-62,-36,223,15,9,3391,1842,953
-108,68,49,-447,370,-18,12,58,76,-73,-34,-63,-34,231,0,9,3391,1842,953
-137,57,30,-471,329,-15,26,66,81,-93,-38,-62,-27,246,-8,9,3391,1842,953
-148,52,18,-509,362,24,29,73,82,-102,-40,-62,-27,246,-8,9,3391,1842,953
